LookAt -1.352 3.234 3.915 -1.312 3.182 3.839 0.020 0.086 -0.047
LookAt -1.348 3.227 3.901 -1.308 3.176 3.825 0.020 0.086 -0.047
LookAt -1.337 3.206 3.859 -1.296 3.155 3.783 0.020 0.086 -0.047
LookAt -1.314 3.169 3.788 -1.274 3.118 3.712 0.020 0.086 -0.047
LookAt -1.280 3.115 3.689 -1.239 3.065 3.613 0.020 0.086 -0.046
LookAt -1.231 3.047 3.571 -1.191 2.997 3.494 0.019 0.087 -0.046
LookAt -1.170 2.968 3.441 -1.130 2.918 3.364 0.019 0.087 -0.046
LookAt -1.099 2.883 3.312 -1.059 2.834 3.235 0.019 0.087 -0.045
LookAt -1.019 2.797 3.191 -0.979 2.748 3.114 0.019 0.087 -0.045
LookAt -0.935 2.712 3.083 -0.895 2.664 3.006 0.019 0.087 -0.045
LookAt -0.832 2.617 2.972 -0.791 2.568 2.895 0.019 0.087 -0.045
LookAt -0.699 2.497 2.841 -0.654 2.448 2.766 0.022 0.087 -0.045
LookAt -0.538 2.358 2.694 -0.488 2.307 2.624 0.026 0.086 -0.044
LookAt -0.359 2.205 2.540 -0.303 2.154 2.475 0.031 0.086 -0.042
LookAt -0.176 2.051 2.387 -0.114 1.998 2.330 0.036 0.085 -0.039
LookAt -0.005 1.909 2.249 0.063 1.854 2.199 0.041 0.084 -0.036
LookAt 0.139 1.789 2.135 0.210 1.734 2.092 0.046 0.083 -0.032
LookAt 0.245 1.702 2.052 0.319 1.645 2.015 0.049 0.082 -0.029
LookAt 0.309 1.650 2.003 0.384 1.593 1.970 0.051 0.082 -0.027
LookAt 0.330 1.633 1.987 0.405 1.575 1.955 0.051 0.082 -0.026
LookAt 0.330 1.633 1.987 0.405 1.576 1.954 0.050 0.082 -0.027
LookAt 0.330 1.633 1.987 0.403 1.577 1.949 0.047 0.083 -0.030
LookAt 0.330 1.633 1.987 0.400 1.579 1.940 0.042 0.084 -0.033
LookAt 0.330 1.633 1.987 0.394 1.582 1.930 0.035 0.086 -0.037
LookAt 0.330 1.633 1.987 0.386 1.586 1.919 0.027 0.088 -0.039
LookAt 0.330 1.633 1.987 0.376 1.590 1.909 0.018 0.090 -0.038
LookAt 0.330 1.633 1.987 0.366 1.595 1.902 0.011 0.093 -0.036
LookAt 0.330 1.633 1.987 0.357 1.600 1.897 0.006 0.094 -0.033
LookAt 0.330 1.633 1.987 0.351 1.604 1.894 0.003 0.096 -0.029
LookAt 0.330 1.633 1.987 0.349 1.608 1.892 0.001 0.097 -0.025
LookAt 0.330 1.633 1.987 0.350 1.612 1.891 0.001 0.098 -0.021
LookAt 0.330 1.633 1.987 0.350 1.617 1.891 -0.000 0.099 -0.016
LookAt 0.330 1.633 1.987 0.351 1.622 1.890 -0.001 0.099 -0.011
LookAt 0.330 1.633 1.987 0.352 1.628 1.890 -0.002 0.100 -0.006
LookAt 0.330 1.633 1.987 0.354 1.633 1.890 -0.004 0.100 -0.000
LookAt 0.330 1.633 1.987 0.355 1.638 1.890 -0.005 0.100 0.005
LookAt 0.330 1.633 1.987 0.356 1.643 1.891 -0.006 0.099 0.009
LookAt 0.330 1.633 1.987 0.357 1.646 1.892 -0.007 0.099 0.011
LookAt 0.330 1.633 1.987 0.357 1.647 1.892 -0.008 0.099 0.013
LookAt 0.330 1.633 1.987 0.357 1.648 1.892 -0.008 0.099 0.014
LookAt 0.328 1.632 1.953 0.354 1.646 1.858 -0.007 0.099 0.012
LookAt 0.321 1.631 1.850 0.346 1.640 1.753 -0.006 0.100 0.008
LookAt 0.310 1.629 1.681 0.332 1.631 1.584 -0.004 0.100 0.001
LookAt 0.296 1.626 1.460 0.313 1.619 1.362 -0.002 0.100 -0.008
LookAt 0.281 1.623 1.208 0.292 1.605 1.111 -0.002 0.098 -0.019
LookAt 0.265 1.620 0.954 0.271 1.591 0.859 -0.002 0.096 -0.029
LookAt 0.251 1.617 0.727 0.252 1.579 0.634 -0.003 0.092 -0.038
LookAt 0.240 1.615 0.548 0.238 1.571 0.459 -0.005 0.089 -0.045
LookAt 0.234 1.614 0.432 0.230 1.565 0.345 -0.006 0.087 -0.048
LookAt 0.232 1.614 0.383 0.227 1.564 0.296 -0.007 0.087 -0.050
LookAt 0.232 1.614 0.368 0.227 1.565 0.281 -0.007 0.087 -0.049
LookAt 0.232 1.615 0.356 0.227 1.568 0.268 -0.006 0.089 -0.046
LookAt 0.232 1.616 0.348 0.228 1.574 0.257 -0.006 0.091 -0.041
LookAt 0.232 1.618 0.342 0.228 1.582 0.249 -0.005 0.093 -0.035
LookAt 0.233 1.620 0.338 0.229 1.591 0.243 -0.005 0.096 -0.028
LookAt 0.233 1.622 0.336 0.229 1.601 0.238 -0.005 0.098 -0.021
LookAt 0.233 1.623 0.334 0.230 1.609 0.235 -0.004 0.099 -0.014
LookAt 0.234 1.625 0.331 0.230 1.616 0.231 -0.004 0.100 -0.009
LookAt 0.234 1.626 0.326 0.230 1.620 0.226 -0.004 0.100 -0.006
LookAt 0.234 1.626 0.320 0.230 1.621 0.220 -0.004 0.100 -0.005
LookAt 0.233 1.625 0.312 0.228 1.620 0.212 -0.004 0.100 -0.005
LookAt 0.229 1.624 0.302 0.220 1.617 0.203 -0.004 0.100 -0.007
LookAt 0.223 1.621 0.291 0.208 1.611 0.193 -0.005 0.099 -0.009
LookAt 0.214 1.618 0.280 0.192 1.605 0.183 -0.006 0.099 -0.012
LookAt 0.205 1.614 0.268 0.174 1.597 0.174 -0.009 0.099 -0.015
LookAt 0.196 1.610 0.258 0.157 1.589 0.168 -0.012 0.098 -0.017
LookAt 0.188 1.606 0.249 0.142 1.583 0.163 -0.014 0.097 -0.019
LookAt 0.181 1.604 0.243 0.131 1.578 0.160 -0.017 0.096 -0.020
LookAt 0.178 1.602 0.239 0.124 1.575 0.159 -0.019 0.096 -0.021
LookAt 0.176 1.602 0.238 0.122 1.573 0.158 -0.019 0.096 -0.021
LookAt 0.176 1.602 0.238 0.122 1.575 0.158 -0.018 0.096 -0.020
LookAt 0.176 1.602 0.238 0.121 1.581 0.157 -0.015 0.098 -0.015
LookAt 0.176 1.602 0.238 0.120 1.590 0.156 -0.010 0.099 -0.008
LookAt 0.176 1.602 0.238 0.119 1.602 0.155 -0.003 0.100 0.002
LookAt 0.176 1.602 0.238 0.120 1.615 0.156 0.005 0.099 0.013
LookAt 0.176 1.602 0.238 0.121 1.629 0.159 0.012 0.096 0.025
LookAt 0.176 1.602 0.238 0.124 1.641 0.162 0.019 0.092 0.034
LookAt 0.176 1.602 0.238 0.127 1.650 0.165 0.024 0.088 0.042
LookAt 0.176 1.602 0.238 0.130 1.656 0.167 0.026 0.084 0.047
LookAt 0.176 1.602 0.238 0.132 1.659 0.168 0.027 0.082 0.050
LookAt 0.176 1.602 0.238 0.135 1.660 0.167 0.025 0.081 0.052
LookAt 0.176 1.602 0.238 0.141 1.660 0.165 0.021 0.081 0.055
LookAt 0.176 1.602 0.238 0.150 1.661 0.161 0.015 0.081 0.057
LookAt 0.176 1.602 0.238 0.162 1.661 0.158 0.006 0.080 0.059
LookAt 0.176 1.602 0.238 0.176 1.661 0.157 -0.004 0.080 0.059
LookAt 0.176 1.602 0.238 0.189 1.661 0.158 -0.014 0.080 0.058
LookAt 0.176 1.602 0.238 0.200 1.661 0.161 -0.022 0.080 0.056
LookAt 0.176 1.602 0.238 0.208 1.662 0.164 -0.028 0.080 0.053
LookAt 0.176 1.602 0.238 0.213 1.662 0.167 -0.032 0.079 0.052
LookAt 0.176 1.602 0.238 0.214 1.664 0.168 -0.033 0.079 0.052
LookAt 0.176 1.602 0.237 0.212 1.666 0.169 -0.034 0.077 0.054
LookAt 0.176 1.602 0.236 0.208 1.670 0.169 -0.034 0.074 0.059
LookAt 0.176 1.603 0.233 0.202 1.676 0.169 -0.032 0.069 0.065
LookAt 0.176 1.606 0.230 0.195 1.684 0.170 -0.029 0.063 0.072
LookAt 0.175 1.610 0.226 0.187 1.694 0.172 -0.024 0.055 0.080
LookAt 0.175 1.617 0.222 0.181 1.705 0.175 -0.019 0.048 0.086
LookAt 0.175 1.627 0.219 0.177 1.718 0.178 -0.013 0.041 0.090
LookAt 0.175 1.639 0.217 0.174 1.733 0.181 -0.008 0.036 0.093
LookAt 0.174 1.654 0.215 0.172 1.748 0.183 -0.005 0.032 0.095
LookAt 0.174 1.671 0.215 0.172 1.766 0.183 -0.003 0.031 0.095
LookAt 0.174 1.702 0.215 0.172 1.797 0.183 -0.003 0.031 0.095
LookAt 0.174 1.762 0.215 0.172 1.857 0.183 -0.003 0.031 0.095
LookAt 0.174 1.847 0.215 0.172 1.942 0.183 -0.003 0.031 0.095
LookAt 0.174 1.952 0.215 0.172 2.047 0.183 -0.003 0.031 0.095
LookAt 0.174 2.068 0.215 0.172 2.162 0.183 -0.003 0.031 0.095
LookAt 0.174 2.180 0.215 0.172 2.275 0.183 -0.003 0.031 0.095
LookAt 0.174 2.278 0.215 0.172 2.373 0.183 -0.003 0.031 0.095
LookAt 0.174 2.352 0.215 0.172 2.447 0.183 -0.003 0.031 0.095
LookAt 0.174 2.398 0.215 0.172 2.493 0.183 -0.003 0.031 0.095
LookAt 0.174 2.413 0.215 0.172 2.508 0.183 -0.003 0.031 0.095
LookAt 0.174 2.413 0.215 0.172 2.506 0.179 -0.003 0.035 0.093
LookAt 0.174 2.413 0.215 0.172 2.501 0.167 -0.003 0.047 0.088
LookAt 0.174 2.413 0.215 0.172 2.488 0.149 -0.002 0.065 0.076
LookAt 0.174 2.413 0.215 0.171 2.467 0.131 -0.002 0.084 0.054
LookAt 0.174 2.413 0.215 0.170 2.437 0.118 -0.003 0.097 0.024
LookAt 0.174 2.413 0.215 0.170 2.404 0.115 -0.004 0.100 -0.009
LookAt 0.174 2.413 0.215 0.169 2.375 0.122 -0.006 0.093 -0.038
LookAt 0.174 2.413 0.215 0.170 2.354 0.134 -0.008 0.081 -0.058
LookAt 0.174 2.413 0.215 0.171 2.342 0.144 -0.009 0.070 -0.071
LookAt 0.174 2.413 0.215 0.171 2.336 0.150 -0.009 0.065 -0.076
LookAt 0.174 2.424 0.215 0.172 2.345 0.153 -0.009 0.062 -0.078
LookAt 0.174 2.457 0.215 0.172 2.376 0.155 -0.009 0.059 -0.080
LookAt 0.174 2.510 0.215 0.172 2.429 0.157 -0.009 0.057 -0.081
LookAt 0.174 2.581 0.215 0.172 2.498 0.159 -0.009 0.056 -0.082
LookAt 0.174 2.660 0.215 0.172 2.576 0.160 -0.010 0.055 -0.083
LookAt 0.174 2.740 0.215 0.173 2.655 0.161 -0.010 0.054 -0.084
LookAt 0.174 2.810 0.215 0.173 2.725 0.161 -0.010 0.053 -0.084
LookAt 0.174 2.863 0.215 0.173 2.779 0.161 -0.010 0.053 -0.084
LookAt 0.174 2.896 0.215 0.173 2.812 0.162 -0.010 0.053 -0.084
LookAt 0.174 2.907 0.215 0.173 2.823 0.162 -0.010 0.053 -0.084
LookAt 0.174 2.907 0.192 0.173 2.823 0.139 -0.010 0.053 -0.084
LookAt 0.174 2.907 0.123 0.173 2.823 0.070 -0.010 0.053 -0.084
LookAt 0.174 2.907 0.011 0.173 2.823 -0.042 -0.010 0.053 -0.084
LookAt 0.174 2.907 -0.136 0.173 2.823 -0.189 -0.010 0.053 -0.084
LookAt 0.174 2.907 -0.302 0.173 2.823 -0.355 -0.010 0.053 -0.084
LookAt 0.174 2.907 -0.468 0.173 2.823 -0.521 -0.010 0.053 -0.084
LookAt 0.174 2.907 -0.615 0.173 2.823 -0.668 -0.010 0.053 -0.084
LookAt 0.174 2.907 -0.727 0.173 2.823 -0.780 -0.010 0.053 -0.084
LookAt 0.174 2.907 -0.796 0.173 2.823 -0.849 -0.010 0.053 -0.084
LookAt 0.174 2.907 -0.819 0.173 2.823 -0.872 -0.010 0.053 -0.084
LookAt 0.174 2.907 -0.819 0.173 2.822 -0.871 -0.010 0.053 -0.084
LookAt 0.174 2.907 -0.819 0.172 2.821 -0.870 -0.011 0.051 -0.085
LookAt 0.174 2.907 -0.819 0.172 2.820 -0.867 -0.012 0.048 -0.087
LookAt 0.174 2.907 -0.819 0.172 2.818 -0.863 -0.013 0.045 -0.089
LookAt 0.174 2.907 -0.819 0.171 2.816 -0.859 -0.015 0.040 -0.090
LookAt 0.174 2.907 -0.819 0.171 2.814 -0.855 -0.017 0.036 -0.092
LookAt 0.174 2.907 -0.819 0.172 2.813 -0.851 -0.019 0.032 -0.093
LookAt 0.174 2.907 -0.819 0.172 2.812 -0.848 -0.020 0.029 -0.093
LookAt 0.174 2.907 -0.819 0.172 2.811 -0.846 -0.021 0.027 -0.094
LookAt 0.174 2.907 -0.819 0.172 2.811 -0.845 -0.022 0.027 -0.094
LookAt 0.174 2.901 -0.819 0.172 2.805 -0.845 -0.022 0.027 -0.094
LookAt 0.174 2.882 -0.819 0.172 2.786 -0.845 -0.022 0.027 -0.094
LookAt 0.174 2.850 -0.819 0.172 2.754 -0.845 -0.022 0.027 -0.094
LookAt 0.174 2.805 -0.819 0.172 2.709 -0.845 -0.022 0.027 -0.094
LookAt 0.174 2.750 -0.819 0.172 2.654 -0.845 -0.022 0.027 -0.094
LookAt 0.174 2.688 -0.819 0.172 2.592 -0.845 -0.022 0.027 -0.094
LookAt 0.174 2.624 -0.819 0.172 2.528 -0.845 -0.022 0.027 -0.094
LookAt 0.174 2.562 -0.819 0.172 2.466 -0.845 -0.022 0.027 -0.094
LookAt 0.174 2.505 -0.819 0.172 2.409 -0.845 -0.022 0.027 -0.094
LookAt 0.174 2.454 -0.819 0.172 2.358 -0.845 -0.022 0.027 -0.094
LookAt 0.174 2.409 -0.819 0.172 2.312 -0.846 -0.022 0.027 -0.094
LookAt 0.174 2.367 -0.819 0.172 2.271 -0.846 -0.022 0.028 -0.094
LookAt 0.174 2.329 -0.819 0.172 2.233 -0.848 -0.021 0.029 -0.093
LookAt 0.174 2.291 -0.819 0.171 2.196 -0.849 -0.021 0.030 -0.093
LookAt 0.174 2.252 -0.819 0.171 2.157 -0.851 -0.021 0.032 -0.092
LookAt 0.174 2.208 -0.819 0.170 2.114 -0.853 -0.021 0.034 -0.092
LookAt 0.174 2.158 -0.819 0.170 2.065 -0.854 -0.021 0.036 -0.091
LookAt 0.174 2.100 -0.819 0.170 2.007 -0.855 -0.021 0.037 -0.091
LookAt 0.174 2.034 -0.819 0.170 1.941 -0.856 -0.021 0.038 -0.090
LookAt 0.174 1.959 -0.819 0.170 1.867 -0.856 -0.021 0.038 -0.090
LookAt 0.174 1.868 -0.825 0.170 1.775 -0.863 -0.021 0.038 -0.090
LookAt 0.174 1.752 -0.846 0.170 1.659 -0.883 -0.021 0.038 -0.090
LookAt 0.174 1.614 -0.878 0.170 1.522 -0.916 -0.021 0.038 -0.090
LookAt 0.174 1.463 -0.921 0.170 1.370 -0.959 -0.021 0.038 -0.090
LookAt 0.174 1.309 -0.970 0.170 1.216 -1.008 -0.021 0.038 -0.090
LookAt 0.174 1.166 -1.019 0.170 1.073 -1.056 -0.021 0.038 -0.090
LookAt 0.174 1.046 -1.062 0.170 0.953 -1.099 -0.021 0.038 -0.090
LookAt 0.174 0.957 -1.095 0.170 0.865 -1.132 -0.021 0.038 -0.090
LookAt 0.174 0.905 -1.115 0.170 0.812 -1.153 -0.021 0.038 -0.090
LookAt 0.174 0.887 -1.122 0.170 0.795 -1.159 -0.021 0.038 -0.090
LookAt 0.174 0.887 -1.122 0.170 0.796 -1.161 -0.019 0.040 -0.090
LookAt 0.174 0.887 -1.122 0.171 0.798 -1.167 -0.014 0.045 -0.088
LookAt 0.174 0.887 -1.122 0.176 0.803 -1.175 -0.005 0.053 -0.084
LookAt 0.174 0.887 -1.122 0.184 0.811 -1.185 0.006 0.064 -0.077
LookAt 0.174 0.887 -1.122 0.197 0.821 -1.193 0.015 0.075 -0.064
LookAt 0.174 0.887 -1.122 0.214 0.834 -1.196 0.021 0.085 -0.049
LookAt 0.174 0.887 -1.122 0.231 0.848 -1.194 0.022 0.092 -0.034
LookAt 0.174 0.887 -1.122 0.246 0.860 -1.185 0.018 0.096 -0.021
LookAt 0.174 0.887 -1.122 0.257 0.870 -1.174 0.013 0.098 -0.012
LookAt 0.174 0.887 -1.122 0.265 0.877 -1.163 0.008 0.099 -0.008
LookAt 0.174 0.887 -1.122 0.270 0.882 -1.151 0.004 0.100 -0.005
LookAt 0.174 0.887 -1.122 0.273 0.887 -1.140 -0.000 0.100 -0.004
LookAt 0.174 0.887 -1.122 0.274 0.891 -1.129 -0.004 0.100 -0.003
LookAt 0.174 0.887 -1.122 0.274 0.894 -1.118 -0.006 0.100 -0.004
LookAt 0.174 0.887 -1.122 0.273 0.896 -1.107 -0.008 0.100 -0.005
LookAt 0.174 0.887 -1.122 0.270 0.897 -1.096 -0.009 0.099 -0.006
LookAt 0.174 0.887 -1.122 0.267 0.898 -1.084 -0.009 0.099 -0.007
LookAt 0.174 0.887 -1.122 0.261 0.898 -1.073 -0.008 0.099 -0.009
LookAt 0.174 0.887 -1.122 0.253 0.899 -1.061 -0.007 0.099 -0.010
LookAt 0.174 0.887 -1.122 0.243 0.899 -1.050 -0.005 0.099 -0.011
LookAt 0.174 0.887 -1.122 0.230 0.898 -1.039 -0.003 0.099 -0.011
LookAt 0.174 0.887 -1.122 0.211 0.895 -1.029 0.000 0.100 -0.009
LookAt 0.174 0.887 -1.122 0.188 0.891 -1.023 0.003 0.100 -0.004
LookAt 0.174 0.887 -1.122 0.162 0.886 -1.022 0.003 0.100 0.002
LookAt 0.174 0.887 -1.122 0.137 0.879 -1.029 0.000 0.100 0.009
LookAt 0.174 0.887 -1.122 0.116 0.873 -1.041 -0.005 0.099 0.014
LookAt 0.174 0.887 -1.122 0.102 0.868 -1.055 -0.012 0.098 0.016
LookAt 0.174 0.887 -1.122 0.094 0.864 -1.067 -0.017 0.097 0.016
LookAt 0.174 0.887 -1.122 0.090 0.861 -1.075 -0.021 0.097 0.016
LookAt 0.174 0.887 -1.122 0.089 0.861 -1.077 -0.022 0.096 0.016
LookAt 0.174 0.887 -1.122 0.091 0.863 -1.073 -0.019 0.097 0.015
LookAt 0.174 0.887 -1.122 0.097 0.872 -1.060 -0.010 0.099 0.012
LookAt 0.174 0.887 -1.122 0.114 0.886 -1.042 0.002 0.100 0.003
LookAt 0.174 0.887 -1.122 0.142 0.905 -1.029 0.009 0.098 -0.015
LookAt 0.174 0.887 -1.122 0.176 0.925 -1.029 0.003 0.093 -0.037
LookAt 0.174 0.887 -1.122 0.205 0.943 -1.045 -0.017 0.083 -0.053
LookAt 0.174 0.887 -1.122 0.220 0.958 -1.067 -0.042 0.071 -0.057
LookAt 0.174 0.887 -1.122 0.224 0.967 -1.087 -0.062 0.060 -0.051
LookAt 0.174 0.887 -1.122 0.222 0.972 -1.098 -0.073 0.053 -0.043
LookAt 0.174 0.887 -1.122 0.221 0.974 -1.102 -0.076 0.051 -0.040
LookAt 0.174 0.905 -1.122 0.221 0.991 -1.102 -0.076 0.051 -0.040
LookAt 0.174 0.958 -1.122 0.221 1.044 -1.102 -0.076 0.051 -0.040
LookAt 0.174 1.048 -1.122 0.222 1.134 -1.102 -0.076 0.051 -0.039
LookAt 0.174 1.171 -1.122 0.223 1.256 -1.101 -0.076 0.052 -0.039
LookAt 0.174 1.320 -1.122 0.224 1.404 -1.101 -0.075 0.054 -0.039
LookAt 0.174 1.482 -1.122 0.226 1.565 -1.100 -0.073 0.056 -0.038
LookAt 0.174 1.645 -1.122 0.230 1.725 -1.098 -0.071 0.060 -0.037
LookAt 0.174 1.797 -1.122 0.233 1.874 -1.096 -0.068 0.064 -0.036
LookAt 0.174 1.931 -1.122 0.238 2.003 -1.094 -0.064 0.069 -0.034
LookAt 0.174 2.042 -1.122 0.242 2.109 -1.091 -0.059 0.074 -0.032
LookAt 0.174 2.145 -1.122 0.247 2.205 -1.088 -0.052 0.080 -0.029
LookAt 0.174 2.257 -1.122 0.253 2.305 -1.083 -0.041 0.088 -0.025
LookAt 0.174 2.373 -1.122 0.258 2.406 -1.077 -0.027 0.095 -0.019
LookAt 0.174 2.489 -1.122 0.260 2.502 -1.071 -0.009 0.099 -0.010
LookAt 0.174 2.599 -1.122 0.258 2.589 -1.067 0.010 0.099 0.002
LookAt 0.174 2.694 -1.122 0.251 2.663 -1.066 0.027 0.095 0.015
LookAt 0.174 2.771 -1.122 0.243 2.721 -1.068 0.041 0.087 0.027
LookAt 0.174 2.825 -1.122 0.233 2.761 -1.072 0.052 0.077 0.038
LookAt 0.174 2.856 -1.122 0.224 2.782 -1.077 0.059 0.067 0.045
LookAt 0.174 2.866 -1.122 0.218 2.786 -1.081 0.063 0.059 0.050
LookAt 0.190 2.846 -1.102 0.228 2.761 -1.066 0.067 0.053 0.053
LookAt 0.237 2.786 -1.044 0.271 2.697 -1.012 0.069 0.047 0.055
LookAt 0.313 2.687 -0.949 0.343 2.596 -0.921 0.072 0.042 0.056
LookAt 0.412 2.558 -0.825 0.439 2.466 -0.799 0.074 0.037 0.056
LookAt 0.525 2.413 -0.685 0.550 2.319 -0.661 0.075 0.034 0.056
LookAt 0.637 2.267 -0.545 0.661 2.172 -0.522 0.076 0.032 0.056
LookAt 0.737 2.138 -0.421 0.760 2.043 -0.400 0.077 0.031 0.055
LookAt 0.813 2.040 -0.326 0.836 1.945 -0.305 0.078 0.031 0.055
LookAt 0.860 1.979 -0.268 0.883 1.884 -0.247 0.078 0.031 0.054
LookAt 0.875 1.959 -0.248 0.898 1.864 -0.228 0.078 0.031 0.054
