-2.479 1.773 6.708 -2.087 1.618 5.946 0.071 0.857 -0.138
-2.477 1.772 6.703 -2.085 1.617 5.941 0.071 0.857 -0.138
-2.471 1.769 6.689 -2.077 1.614 5.928 0.072 0.857 -0.138
-2.462 1.765 6.664 -2.064 1.609 5.905 0.073 0.857 -0.139
-2.448 1.758 6.629 -2.045 1.601 5.872 0.074 0.857 -0.139
-2.429 1.750 6.583 -2.020 1.592 5.830 0.075 0.856 -0.139
-2.405 1.739 6.527 -1.988 1.580 5.779 0.077 0.856 -0.139
-2.377 1.727 6.461 -1.951 1.567 5.718 0.080 0.856 -0.139
-2.345 1.713 6.386 -1.907 1.551 5.650 0.083 0.856 -0.139
-2.308 1.697 6.304 -1.859 1.534 5.576 0.086 0.856 -0.139
-2.267 1.680 6.216 -1.805 1.515 5.496 0.089 0.855 -0.138
-2.223 1.661 6.124 -1.748 1.496 5.413 0.092 0.855 -0.138
-2.176 1.642 6.029 -1.688 1.475 5.328 0.095 0.855 -0.137
-2.127 1.623 5.935 -1.625 1.455 5.243 0.099 0.855 -0.136
-2.077 1.604 5.842 -1.562 1.434 5.160 0.102 0.854 -0.135
-2.026 1.584 5.751 -1.497 1.414 5.080 0.105 0.854 -0.134
-1.975 1.566 5.664 -1.434 1.395 5.004 0.108 0.854 -0.132
-1.925 1.548 5.583 -1.371 1.376 4.933 0.111 0.854 -0.130
-1.875 1.530 5.506 -1.309 1.358 4.866 0.114 0.854 -0.129
-1.825 1.513 5.435 -1.249 1.342 4.805 0.116 0.854 -0.127
-1.775 1.497 5.366 -1.188 1.325 4.747 0.118 0.854 -0.125
-1.723 1.478 5.296 -1.123 1.307 4.688 0.120 0.854 -0.122
-1.669 1.459 5.224 -1.056 1.289 4.629 0.122 0.854 -0.118
-1.612 1.438 5.150 -0.985 1.270 4.570 0.123 0.855 -0.114
-1.553 1.417 5.075 -0.911 1.251 4.510 0.124 0.855 -0.109
-1.492 1.394 4.999 -0.834 1.232 4.451 0.125 0.856 -0.104
-1.428 1.371 4.922 -0.755 1.212 4.392 0.125 0.856 -0.098
-1.363 1.347 4.845 -0.675 1.193 4.334 0.123 0.857 -0.092
-1.296 1.323 4.769 -0.593 1.175 4.276 0.121 0.858 -0.085
-1.228 1.300 4.693 -0.511 1.158 4.219 0.118 0.859 -0.078
-1.159 1.277 4.618 -0.429 1.143 4.163 0.114 0.861 -0.071
-1.090 1.255 4.545 -0.347 1.129 4.107 0.109 0.862 -0.064
-1.020 1.234 4.475 -0.268 1.117 4.053 0.102 0.863 -0.057
-0.952 1.215 4.406 -0.190 1.108 3.999 0.095 0.864 -0.051
-0.884 1.198 4.341 -0.114 1.100 3.946 0.087 0.865 -0.044
-0.817 1.182 4.279 -0.041 1.095 3.893 0.077 0.867 -0.038
-0.752 1.168 4.219 0.030 1.093 3.842 0.068 0.868 -0.033
-0.688 1.156 4.163 0.097 1.093 3.791 0.057 0.869 -0.027
-0.626 1.146 4.109 0.162 1.094 3.740 0.047 0.869 -0.022
-0.565 1.138 4.058 0.224 1.098 3.690 0.036 0.870 -0.017
-0.503 1.130 4.009 0.284 1.104 3.637 0.023 0.871 -0.011
-0.436 1.124 3.959 0.345 1.113 3.575 0.009 0.871 -0.004
-0.366 1.117 3.910 0.405 1.125 3.506 -0.007 0.871 0.004
-0.292 1.111 3.862 0.463 1.139 3.430 -0.024 0.870 0.014
-0.215 1.106 3.815 0.518 1.156 3.348 -0.042 0.870 0.027
-0.136 1.101 3.770 0.567 1.174 3.262 -0.060 0.868 0.043
-0.056 1.096 3.726 0.610 1.195 3.174 -0.076 0.865 0.063
0.024 1.093 3.685 0.643 1.216 3.086 -0.089 0.862 0.086
0.102 1.089 3.647 0.667 1.239 3.001 -0.098 0.858 0.113
0.178 1.087 3.611 0.681 1.262 2.922 -0.103 0.853 0.141
0.250 1.085 3.580 0.684 1.284 2.851 -0.102 0.848 0.171
0.316 1.083 3.551 0.677 1.305 2.791 -0.095 0.842 0.201
0.376 1.082 3.527 0.663 1.325 2.741 -0.083 0.836 0.228
0.428 1.081 3.506 0.641 1.342 2.703 -0.067 0.831 0.253
0.472 1.080 3.490 0.613 1.357 2.676 -0.047 0.826 0.273
0.508 1.080 3.476 0.582 1.370 2.658 -0.026 0.821 0.289
0.536 1.080 3.466 0.547 1.380 2.649 -0.004 0.818 0.300
0.555 1.080 3.460 0.510 1.387 2.646 0.017 0.815 0.307
0.567 1.080 3.456 0.472 1.391 2.648 0.036 0.813 0.309
0.570 1.080 3.455 0.432 1.392 2.654 0.053 0.813 0.308
0.570 1.080 3.455 0.392 1.390 2.661 0.068 0.814 0.303
0.570 1.080 3.455 0.356 1.384 2.667 0.080 0.816 0.294
0.570 1.080 3.455 0.323 1.374 2.673 0.089 0.820 0.281
0.570 1.080 3.455 0.292 1.360 2.678 0.095 0.825 0.264
0.570 1.080 3.455 0.264 1.342 2.683 0.097 0.831 0.244
0.570 1.080 3.455 0.238 1.319 2.686 0.095 0.837 0.220
0.570 1.080 3.455 0.213 1.292 2.689 0.090 0.845 0.193
0.570 1.080 3.455 0.190 1.262 2.693 0.081 0.852 0.163
0.570 1.080 3.455 0.169 1.228 2.696 0.070 0.858 0.131
0.570 1.080 3.455 0.147 1.192 2.702 0.055 0.864 0.098
0.570 1.080 3.455 0.127 1.155 2.709 0.038 0.868 0.064
0.570 1.080 3.455 0.106 1.116 2.719 0.019 0.870 0.031
0.570 1.080 3.455 0.085 1.077 2.732 -0.001 0.871 -0.002
0.570 1.080 3.455 0.063 1.040 2.748 -0.023 0.870 -0.032
0.570 1.080 3.455 0.040 1.004 2.768 -0.046 0.868 -0.060
0.570 1.080 3.455 0.016 0.970 2.792 -0.071 0.864 -0.084
0.570 1.080 3.455 -0.009 0.938 2.820 -0.095 0.859 -0.104
0.570 1.080 3.455 -0.035 0.910 2.852 -0.120 0.854 -0.120
0.570 1.080 3.455 -0.061 0.884 2.887 -0.145 0.849 -0.131
0.570 1.080 3.455 -0.087 0.862 2.927 -0.170 0.843 -0.136
0.570 1.080 3.455 -0.114 0.840 2.973 -0.196 0.837 -0.138
0.570 1.080 3.455 -0.142 0.819 3.026 -0.223 0.831 -0.134
0.570 1.080 3.455 -0.167 0.797 3.088 -0.253 0.824 -0.126
0.570 1.080 3.455 -0.190 0.775 3.158 -0.284 0.816 -0.111
0.570 1.080 3.455 -0.206 0.753 3.235 -0.314 0.807 -0.089
0.570 1.080 3.455 -0.216 0.731 3.318 -0.343 0.798 -0.060
0.570 1.080 3.455 -0.217 0.710 3.404 -0.369 0.789 -0.024
0.570 1.080 3.455 -0.208 0.690 3.492 -0.389 0.779 0.018
0.570 1.080 3.455 -0.189 0.670 3.577 -0.404 0.769 0.065
0.570 1.080 3.455 -0.161 0.652 3.658 -0.411 0.759 0.115
0.570 1.080 3.455 -0.126 0.636 3.732 -0.412 0.750 0.164
0.570 1.080 3.455 -0.086 0.621 3.798 -0.406 0.741 0.212
0.570 1.080 3.455 -0.044 0.608 3.854 -0.395 0.732 0.257
0.570 1.080 3.455 -0.002 0.597 3.900 -0.381 0.725 0.296
0.570 1.080 3.455 0.037 0.588 3.937 -0.365 0.719 0.329
0.570 1.080 3.455 0.071 0.581 3.965 -0.349 0.714 0.357
0.570 1.080 3.455 0.100 0.575 3.987 -0.334 0.710 0.378
0.570 1.080 3.455 0.122 0.572 4.002 -0.322 0.708 0.393
0.570 1.080 3.455 0.137 0.569 4.012 -0.313 0.706 0.402
0.570 1.080 3.455 0.144 0.569 4.017 -0.308 0.705 0.407
0.569 1.081 3.458 0.145 0.573 4.025 -0.304 0.708 0.407
0.563 1.084 3.466 0.140 0.586 4.042 -0.295 0.715 0.401
0.554 1.089 3.481 0.127 0.609 4.069 -0.283 0.726 0.389
0.540 1.097 3.503 0.108 0.640 4.106 -0.266 0.741 0.371
0.523 1.107 3.531 0.083 0.681 4.151 -0.246 0.760 0.347
0.501 1.119 3.567 0.053 0.732 4.205 -0.223 0.780 0.317
0.474 1.133 3.608 0.017 0.790 4.266 -0.196 0.800 0.282
0.444 1.149 3.656 -0.022 0.856 4.332 -0.166 0.820 0.241
0.409 1.166 3.710 -0.065 0.929 4.401 -0.134 0.838 0.196
0.371 1.184 3.769 -0.109 1.004 4.473 -0.101 0.852 0.149
0.330 1.203 3.832 -0.155 1.081 4.546 -0.068 0.862 0.100
0.286 1.221 3.898 -0.201 1.157 4.618 -0.036 0.869 0.053
0.240 1.239 3.967 -0.247 1.230 4.689 -0.006 0.871 0.008
0.194 1.257 4.036 -0.292 1.296 4.758 0.022 0.870 -0.033
0.146 1.273 4.106 -0.338 1.356 4.825 0.046 0.867 -0.068
0.098 1.288 4.175 -0.383 1.406 4.891 0.066 0.863 -0.098
0.051 1.301 4.243 -0.428 1.448 4.955 0.081 0.859 -0.121
0.004 1.313 4.308 -0.472 1.479 5.018 0.093 0.855 -0.138
-0.041 1.323 4.372 -0.517 1.501 5.080 0.099 0.853 -0.148
-0.086 1.331 4.433 -0.561 1.513 5.140 0.101 0.852 -0.151
-0.133 1.338 4.496 -0.608 1.519 5.203 0.101 0.852 -0.150
-0.186 1.345 4.567 -0.662 1.523 5.274 0.100 0.852 -0.148
-0.245 1.351 4.645 -0.723 1.525 5.351 0.098 0.853 -0.144
-0.310 1.357 4.729 -0.791 1.525 5.435 0.095 0.854 -0.139
-0.380 1.362 4.819 -0.864 1.523 5.525 0.091 0.856 -0.133
-0.453 1.367 4.914 -0.942 1.519 5.619 0.086 0.858 -0.125
-0.530 1.371 5.013 -1.023 1.513 5.717 0.081 0.859 -0.116
-0.609 1.375 5.113 -1.107 1.505 5.816 0.075 0.861 -0.106
-0.688 1.378 5.213 -1.191 1.496 5.915 0.069 0.863 -0.096
-0.766 1.381 5.311 -1.273 1.486 6.011 0.062 0.865 -0.085
-0.840 1.383 5.405 -1.353 1.475 6.103 0.055 0.866 -0.075
-0.910 1.384 5.493 -1.427 1.464 6.189 0.048 0.867 -0.064
-0.974 1.385 5.573 -1.495 1.454 6.267 0.041 0.868 -0.055
-1.030 1.386 5.644 -1.556 1.444 6.335 0.035 0.869 -0.046
-1.078 1.387 5.704 -1.607 1.436 6.394 0.030 0.870 -0.039
-1.118 1.387 5.754 -1.650 1.429 6.442 0.025 0.870 -0.033
-1.149 1.387 5.792 -1.683 1.423 6.479 0.022 0.870 -0.028
-1.171 1.388 5.819 -1.706 1.418 6.505 0.019 0.870 -0.024
-1.183 1.388 5.835 -1.720 1.416 6.521 0.017 0.870 -0.022
-1.188 1.388 5.840 -1.724 1.415 6.526 0.017 0.870 -0.022
-1.188 1.388 5.840 -1.721 1.416 6.528 0.018 0.870 -0.023
-1.188 1.388 5.840 -1.709 1.420 6.537 0.020 0.870 -0.026
-1.188 1.388 5.840 -1.689 1.427 6.551 0.023 0.870 -0.032
-1.188 1.388 5.840 -1.660 1.437 6.570 0.027 0.870 -0.041
-1.188 1.388 5.840 -1.621 1.449 6.593 0.031 0.869 -0.053
-1.188 1.388 5.840 -1.572 1.463 6.618 0.034 0.868 -0.068
-1.188 1.388 5.840 -1.511 1.480 6.643 0.034 0.866 -0.085
-1.188 1.388 5.840 -1.440 1.498 6.666 0.032 0.864 -0.105
-1.188 1.388 5.840 -1.359 1.517 6.684 0.026 0.861 -0.127
-1.188 1.388 5.840 -1.270 1.537 6.694 0.014 0.858 -0.148
-1.188 1.388 5.840 -1.175 1.556 6.694 -0.002 0.854 -0.169
-1.188 1.388 5.840 -1.077 1.575 6.683 -0.024 0.850 -0.186
-1.188 1.388 5.840 -0.980 1.593 6.661 -0.050 0.846 -0.199
-1.188 1.388 5.840 -0.886 1.609 6.626 -0.079 0.842 -0.207
-1.188 1.388 5.840 -0.797 1.623 6.582 -0.110 0.838 -0.208
-1.188 1.388 5.840 -0.717 1.635 6.530 -0.139 0.835 -0.204
-1.188 1.388 5.840 -0.645 1.644 6.471 -0.167 0.832 -0.194
-1.188 1.388 5.840 -0.582 1.650 6.409 -0.192 0.830 -0.180
-1.188 1.388 5.840 -0.529 1.654 6.344 -0.212 0.829 -0.162
-1.188 1.388 5.840 -0.484 1.656 6.279 -0.227 0.829 -0.142
-1.188 1.388 5.840 -0.445 1.655 6.208 -0.240 0.829 -0.119
-1.188 1.388 5.840 -0.410 1.653 6.127 -0.249 0.829 -0.092
-1.188 1.388 5.840 -0.381 1.651 6.035 -0.256 0.830 -0.062
-1.188 1.388 5.840 -0.361 1.647 5.934 -0.257 0.832 -0.029
-1.188 1.388 5.840 -0.355 1.641 5.825 -0.254 0.833 0.005
-1.188 1.388 5.840 -0.363 1.635 5.710 -0.244 0.835 0.039
-1.188 1.388 5.840 -0.387 1.627 5.594 -0.229 0.837 0.070
-1.188 1.388 5.840 -0.428 1.618 5.481 -0.208 0.840 0.098
-1.188 1.388 5.840 -0.485 1.607 5.376 -0.183 0.843 0.121
-1.188 1.388 5.840 -0.553 1.596 5.281 -0.156 0.846 0.138
-1.188 1.388 5.840 -0.631 1.584 5.200 -0.129 0.849 0.148
-1.188 1.388 5.840 -0.712 1.570 5.134 -0.102 0.852 0.152
-1.188 1.388 5.840 -0.793 1.557 5.083 -0.078 0.854 0.150
-1.188 1.388 5.840 -0.868 1.542 5.045 -0.058 0.857 0.144
-1.188 1.388 5.840 -0.936 1.528 5.018 -0.041 0.860 0.134
-1.188 1.388 5.840 -0.992 1.513 5.001 -0.029 0.862 0.122
-1.188 1.388 5.840 -1.037 1.499 4.990 -0.019 0.864 0.110
-1.188 1.388 5.840 -1.068 1.484 4.983 -0.013 0.866 0.096
-1.188 1.388 5.840 -1.087 1.470 4.979 -0.010 0.867 0.082
-1.188 1.388 5.840 -1.093 1.457 4.977 -0.008 0.868 0.069
-1.186 1.384 5.824 -1.090 1.439 4.960 -0.006 0.869 0.054
-1.179 1.375 5.776 -1.081 1.413 4.912 -0.004 0.870 0.038
-1.169 1.358 5.696 -1.067 1.378 4.832 -0.002 0.871 0.020
-1.154 1.336 5.585 -1.047 1.336 4.720 -0.000 0.871 0.000
-1.135 1.307 5.443 -1.021 1.285 4.579 0.003 0.871 -0.021
-1.113 1.272 5.273 -0.991 1.228 4.412 0.006 0.870 -0.044
-1.087 1.233 5.079 -0.956 1.165 4.220 0.010 0.868 -0.067
-1.059 1.189 4.865 -0.919 1.097 4.010 0.015 0.866 -0.091
-1.029 1.143 4.638 -0.878 1.027 3.788 0.020 0.863 -0.114
-0.998 1.095 4.403 -0.837 0.956 3.558 0.026 0.860 -0.137
-0.967 1.048 4.168 -0.796 0.885 3.330 0.032 0.856 -0.159
-0.937 1.001 3.941 -0.756 0.818 3.109 0.039 0.851 -0.179
-0.909 0.958 3.727 -0.719 0.755 2.902 0.045 0.847 -0.197
-0.883 0.918 3.533 -0.686 0.699 2.714 0.051 0.843 -0.213
-0.860 0.884 3.363 -0.657 0.650 2.549 0.057 0.839 -0.227
-0.842 0.855 3.221 -0.632 0.609 2.412 0.061 0.836 -0.238
-0.827 0.832 3.110 -0.613 0.578 2.305 0.065 0.833 -0.246
-0.816 0.816 3.030 -0.600 0.555 2.227 0.068 0.831 -0.252
-0.810 0.806 2.982 -0.592 0.541 2.181 0.070 0.830 -0.255
-0.808 0.803 2.966 -0.589 0.537 2.166 0.070 0.829 -0.257
-0.808 0.803 2.966 -0.589 0.541 2.165 0.069 0.831 -0.253
-0.808 0.803 2.966 -0.589 0.554 2.161 0.065 0.834 -0.241
-0.808 0.803 2.966 -0.589 0.575 2.154 0.059 0.840 -0.221
-0.808 0.803 2.966 -0.589 0.604 2.147 0.051 0.848 -0.192
-0.808 0.803 2.966 -0.590 0.642 2.138 0.041 0.856 -0.156
-0.808 0.803 2.966 -0.592 0.687 2.130 0.029 0.863 -0.112
-0.808 0.803 2.966 -0.595 0.740 2.124 0.015 0.869 -0.061
-0.808 0.803 2.966 -0.599 0.798 2.120 0.001 0.871 -0.005
-0.808 0.803 2.966 -0.604 0.860 2.121 -0.013 0.869 0.055
-0.808 0.803 2.966 -0.611 0.923 2.126 -0.028 0.863 0.117
-0.808 0.803 2.966 -0.618 0.986 2.136 -0.041 0.851 0.179
-0.808 0.803 2.966 -0.626 1.046 2.149 -0.053 0.836 0.237
-0.808 0.803 2.966 -0.635 1.101 2.166 -0.063 0.818 0.292
-0.808 0.803 2.966 -0.643 1.150 2.184 -0.072 0.799 0.340
-0.808 0.803 2.966 -0.650 1.192 2.203 -0.079 0.779 0.381
-0.808 0.803 2.966 -0.656 1.226 2.220 -0.084 0.761 0.415
-0.808 0.803 2.966 -0.661 1.253 2.234 -0.088 0.746 0.441
-0.808 0.803 2.966 -0.665 1.271 2.245 -0.091 0.734 0.459
-0.808 0.803 2.966 -0.667 1.282 2.252 -0.093 0.727 0.470
-0.808 0.803 2.966 -0.668 1.286 2.255 -0.093 0.725 0.474
-0.807 0.807 2.960 -0.656 1.288 2.250 -0.100 0.727 0.470
-0.805 0.820 2.944 -0.621 1.293 2.236 -0.120 0.731 0.457
-0.802 0.841 2.917 -0.560 1.301 2.218 -0.150 0.740 0.435
-0.797 0.871 2.878 -0.477 1.313 2.200 -0.188 0.751 0.399
-0.791 0.909 2.830 -0.373 1.327 2.190 -0.228 0.764 0.350
-0.783 0.955 2.772 -0.256 1.342 2.197 -0.262 0.780 0.286
-0.773 1.007 2.705 -0.135 1.359 2.229 -0.282 0.797 0.211
-0.762 1.064 2.632 -0.024 1.375 2.290 -0.283 0.813 0.131
-0.749 1.125 2.555 0.061 1.391 2.378 -0.260 0.829 0.057
-0.734 1.188 2.474 0.109 1.404 2.484 -0.217 0.844 -0.003
-0.718 1.250 2.394 0.113 1.415 2.596 -0.160 0.855 -0.039
-0.701 1.311 2.316 0.074 1.423 2.699 -0.100 0.864 -0.050
-0.683 1.368 2.243 0.001 1.427 2.779 -0.046 0.869 -0.036
-0.664 1.420 2.177 -0.091 1.427 2.833 -0.004 0.871 -0.005
-0.644 1.466 2.119 -0.186 1.423 2.859 0.023 0.870 0.036
-0.624 1.504 2.070 -0.273 1.415 2.862 0.036 0.866 0.081
-0.603 1.534 2.032 -0.342 1.402 2.852 0.040 0.861 0.125
-0.583 1.555 2.005 -0.387 1.386 2.836 0.039 0.854 0.165
-0.562 1.568 1.988 -0.406 1.365 2.821 0.037 0.847 0.199
-0.542 1.572 1.983 -0.400 1.341 2.810 0.039 0.840 0.228
-0.518 1.562 2.019 -0.372 1.304 2.838 0.045 0.832 0.254
-0.488 1.531 2.130 -0.328 1.248 2.937 0.055 0.823 0.278
-0.453 1.482 2.309 -0.270 1.173 3.102 0.070 0.814 0.301
-0.415 1.417 2.543 -0.202 1.085 3.320 0.088 0.805 0.320
-0.376 1.344 2.809 -0.129 0.992 3.566 0.109 0.797 0.334
-0.339 1.270 3.074 -0.061 0.902 3.813 0.130 0.789 0.344
-0.309 1.205 3.308 -0.003 0.825 4.030 0.149 0.784 0.350
-0.287 1.156 3.488 0.040 0.767 4.195 0.163 0.780 0.353
-0.273 1.125 3.598 0.066 0.732 4.297 0.172 0.777 0.354
-0.269 1.115 3.634 0.075 0.721 4.331 0.175 0.776 0.354
