LookAt 2.538 1.080 4.939 2.082 1.091 4.736 0.011 0.500 0.005
LookAt 2.538 1.080 4.939 2.083 1.092 4.732 0.011 0.500 0.005
LookAt 2.538 1.080 4.939 2.089 1.093 4.719 0.012 0.500 0.006
LookAt 2.538 1.080 4.939 2.100 1.094 4.699 0.013 0.500 0.007
LookAt 2.538 1.080 4.939 2.116 1.096 4.672 0.014 0.500 0.009
LookAt 2.538 1.080 4.939 2.137 1.098 4.641 0.015 0.500 0.011
LookAt 2.538 1.080 4.939 2.162 1.100 4.610 0.016 0.500 0.014
LookAt 2.538 1.080 4.939 2.190 1.102 4.581 0.015 0.500 0.016
LookAt 2.538 1.080 4.939 2.217 1.103 4.556 0.015 0.499 0.018
LookAt 2.538 1.080 4.939 2.243 1.103 4.536 0.014 0.499 0.019
LookAt 2.499 1.079 4.897 2.226 1.103 4.479 0.013 0.499 0.020
LookAt 2.382 1.078 4.768 2.129 1.101 4.337 0.012 0.499 0.020
LookAt 2.190 1.075 4.551 1.956 1.099 4.111 0.011 0.499 0.021
LookAt 1.940 1.072 4.255 1.721 1.096 3.807 0.010 0.499 0.021
LookAt 1.657 1.069 3.899 1.450 1.092 3.444 0.010 0.499 0.021
LookAt 1.374 1.065 3.511 1.178 1.088 3.051 0.009 0.499 0.021
LookAt 1.124 1.062 3.124 0.938 1.085 2.660 0.008 0.499 0.021
LookAt 0.932 1.060 2.765 0.757 1.082 2.297 0.008 0.499 0.021
LookAt 0.815 1.058 2.453 0.651 1.080 1.981 0.007 0.500 0.021
LookAt 0.776 1.058 2.197 0.625 1.079 1.721 0.006 0.500 0.020
LookAt 0.776 1.059 1.964 0.642 1.080 1.483 0.005 0.500 0.020
LookAt 0.776 1.064 1.720 0.664 1.084 1.233 0.004 0.500 0.019
LookAt 0.776 1.073 1.471 0.691 1.091 0.978 0.003 0.500 0.018
LookAt 0.776 1.085 1.226 0.725 1.102 0.729 0.002 0.500 0.017
LookAt 0.777 1.099 0.999 0.766 1.114 0.499 0.000 0.500 0.016
LookAt 0.779 1.115 0.801 0.815 1.129 0.303 -0.001 0.500 0.014
LookAt 0.780 1.131 0.642 0.871 1.143 0.150 -0.002 0.500 0.012
LookAt 0.783 1.147 0.526 0.933 1.157 0.050 -0.003 0.500 0.010
LookAt 0.785 1.161 0.454 1.000 1.169 0.002 -0.004 0.500 0.007
LookAt 0.788 1.173 0.421 1.068 1.179 0.007 -0.003 0.500 0.005
LookAt 0.806 1.186 0.409 1.167 1.189 0.063 -0.002 0.500 0.002
LookAt 0.853 1.200 0.401 1.305 1.198 0.188 0.002 0.500 -0.001
LookAt 0.926 1.215 0.396 1.426 1.207 0.391 0.008 0.500 -0.000
LookAt 1.021 1.231 0.394 1.458 1.216 0.636 0.014 0.500 0.008
LookAt 1.128 1.247 0.394 1.368 1.223 0.832 0.011 0.499 0.021
LookAt 1.234 1.261 0.394 1.200 1.230 0.892 -0.002 0.499 0.031
LookAt 1.327 1.272 0.392 1.048 1.234 0.805 -0.021 0.499 0.031
LookAt 1.399 1.280 0.387 0.968 1.238 0.638 -0.037 0.498 0.022
LookAt 1.443 1.285 0.379 0.953 1.240 0.467 -0.045 0.498 0.008
LookAt 1.457 1.287 0.367 0.960 1.240 0.335 -0.047 0.498 -0.003
LookAt 1.421 1.285 0.330 0.938 1.244 0.210 -0.040 0.498 -0.010
LookAt 1.310 1.279 0.244 0.850 1.256 0.050 -0.021 0.499 -0.009
LookAt 1.121 1.270 0.111 0.690 1.276 -0.143 0.006 0.500 0.003
LookAt 0.860 1.257 -0.065 0.459 1.302 -0.360 0.036 0.498 0.026
LookAt 0.542 1.244 -0.271 0.168 1.331 -0.592 0.067 0.492 0.057
LookAt 0.189 1.230 -0.492 -0.163 1.360 -0.823 0.095 0.483 0.089
LookAt -0.173 1.217 -0.708 -0.507 1.384 -1.041 0.118 0.471 0.118
LookAt -0.519 1.208 -0.904 -0.841 1.402 -1.234 0.136 0.461 0.139
LookAt -0.832 1.202 -1.071 -1.148 1.412 -1.396 0.147 0.454 0.151
LookAt -1.104 1.200 -1.203 -1.418 1.416 -1.527 0.150 0.451 0.155
LookAt -1.340 1.202 -1.317 -1.658 1.413 -1.639 0.149 0.453 0.151
LookAt -1.551 1.206 -1.430 -1.882 1.405 -1.747 0.143 0.459 0.138
LookAt -1.743 1.213 -1.538 -2.095 1.391 -1.845 0.134 0.467 0.117
LookAt -1.924 1.222 -1.638 -2.305 1.372 -1.925 0.120 0.477 0.090
LookAt -2.110 1.232 -1.726 -2.524 1.349 -1.979 0.100 0.486 0.062
LookAt -2.315 1.242 -1.798 -2.763 1.327 -2.004 0.077 0.493 0.036
LookAt -2.554 1.251 -1.852 -3.029 1.306 -1.998 0.053 0.497 0.016
LookAt -2.835 1.258 -1.888 -3.328 1.291 -1.964 0.033 0.499 0.005
LookAt -3.162 1.262 -1.908 -3.661 1.281 -1.910 0.019 0.500 0.000
LookAt -3.532 1.263 -1.915 -4.027 1.278 -1.839 0.015 0.500 -0.002
LookAt -3.981 1.260 -1.915 -4.455 1.279 -1.758 0.018 0.500 -0.006
LookAt -4.539 1.251 -1.914 -4.974 1.282 -1.670 0.027 0.499 -0.015
LookAt -5.193 1.235 -1.914 -5.562 1.285 -1.581 0.037 0.497 -0.033
LookAt -5.911 1.212 -1.914 -6.189 1.287 -1.505 0.042 0.494 -0.062
LookAt -6.647 1.182 -1.913 -6.813 1.286 -1.453 0.035 0.489 -0.097
LookAt -7.344 1.148 -1.912 -7.390 1.280 -1.432 0.013 0.482 -0.131
LookAt -7.949 1.111 -1.910 -7.883 1.267 -1.440 -0.022 0.475 -0.154
LookAt -8.426 1.072 -1.908 -8.264 1.247 -1.468 -0.060 0.469 -0.163
LookAt -8.756 1.035 -1.906 -8.518 1.220 -1.507 -0.095 0.464 -0.159
LookAt -8.939 0.998 -1.903 -8.643 1.187 -1.547 -0.121 0.463 -0.145
LookAt -9.038 0.953 -1.895 -8.697 1.142 -1.582 -0.139 0.463 -0.128
LookAt -9.107 0.894 -1.868 -8.734 1.082 -1.594 -0.152 0.463 -0.112
LookAt -9.143 0.833 -1.809 -8.750 1.022 -1.564 -0.160 0.463 -0.100
LookAt -9.155 0.792 -1.715 -8.753 0.979 -1.484 -0.163 0.463 -0.093
LookAt -9.156 0.778 -1.593 -8.752 0.964 -1.366 -0.163 0.464 -0.091
LookAt -8.864 0.821 -1.431 -8.455 0.994 -1.201 -0.151 0.469 -0.085
LookAt -8.041 0.945 -1.216 -7.624 1.080 -0.975 -0.117 0.481 -0.068
LookAt -6.984 1.107 -0.974 -6.565 1.193 -0.714 -0.073 0.493 -0.045
LookAt -6.161 1.239 -0.750 -5.754 1.284 -0.462 -0.036 0.498 -0.026
LookAt -5.868 1.298 -0.575 -5.488 1.324 -0.251 -0.020 0.499 -0.017
LookAt -5.869 1.313 -0.438 -5.528 1.335 -0.072 -0.015 0.500 -0.016
LookAt -5.871 1.326 -0.323 -5.589 1.344 0.089 -0.010 0.500 -0.015
LookAt -5.877 1.336 -0.231 -5.676 1.352 0.226 -0.006 0.500 -0.014
LookAt -5.892 1.344 -0.157 -5.790 1.357 0.332 -0.003 0.500 -0.013
LookAt -5.918 1.349 -0.093 -5.927 1.361 0.406 0.000 0.500 -0.012
LookAt -5.958 1.352 -0.031 -6.078 1.363 0.454 0.003 0.500 -0.011
LookAt -6.014 1.355 0.040 -6.232 1.365 0.489 0.005 0.500 -0.009
LookAt -6.085 1.357 0.126 -6.382 1.366 0.528 0.006 0.500 -0.008
LookAt -6.170 1.360 0.234 -6.525 1.368 0.585 0.006 0.500 -0.006
LookAt -6.267 1.364 0.363 -6.661 1.370 0.669 0.005 0.500 -0.004
LookAt -6.378 1.367 0.515 -6.798 1.371 0.785 0.003 0.500 -0.002
LookAt -6.509 1.370 0.691 -6.945 1.371 0.934 0.001 0.500 -0.000
LookAt -6.660 1.372 0.889 -7.106 1.369 1.115 -0.002 0.500 0.001
LookAt -6.833 1.372 1.103 -7.283 1.367 1.321 -0.005 0.500 0.002
LookAt -7.024 1.373 1.325 -7.475 1.364 1.541 -0.008 0.500 0.004
LookAt -7.229 1.373 1.545 -7.681 1.362 1.759 -0.011 0.500 0.005
LookAt -7.441 1.375 1.751 -7.896 1.360 1.958 -0.013 0.500 0.006
LookAt -7.655 1.377 1.936 -8.116 1.361 2.129 -0.015 0.500 0.006
LookAt -7.865 1.381 2.095 -8.336 1.364 2.262 -0.016 0.500 0.006
LookAt -8.069 1.386 2.228 -8.552 1.368 2.356 -0.017 0.500 0.004
LookAt -8.290 1.393 2.343 -8.784 1.376 2.416 -0.017 0.500 0.003
LookAt -8.551 1.404 2.446 -9.050 1.386 2.444 -0.017 0.500 -0.000
LookAt -8.843 1.417 2.536 -9.334 1.400 2.442 -0.017 0.500 -0.003
LookAt -9.153 1.433 2.611 -9.614 1.417 2.417 -0.015 0.500 -0.006
LookAt -9.459 1.450 2.668 -9.868 1.434 2.380 -0.013 0.500 -0.009
LookAt -9.738 1.465 2.708 -10.081 1.451 2.345 -0.010 0.500 -0.010
LookAt -9.967 1.479 2.734 -10.244 1.467 2.318 -0.007 0.500 -0.010
LookAt -10.134 1.489 2.748 -10.356 1.480 2.301 -0.004 0.500 -0.008
LookAt -10.233 1.495 2.755 -10.421 1.489 2.292 -0.002 0.500 -0.006
LookAt -10.265 1.497 2.757 -10.441 1.494 2.289 -0.001 0.500 -0.002
LookAt -10.265 1.497 2.757 -10.452 1.501 2.293 0.001 0.500 0.004
LookAt -10.265 1.497 2.757 -10.483 1.514 2.307 0.007 0.500 0.015
LookAt -10.265 1.497 2.757 -10.534 1.532 2.337 0.019 0.499 0.029
LookAt -10.265 1.497 2.757 -10.594 1.554 2.385 0.038 0.497 0.043
LookAt -10.265 1.497 2.757 -10.655 1.579 2.455 0.065 0.493 0.050
LookAt -10.265 1.497 2.757 -10.702 1.602 2.539 0.094 0.489 0.047
LookAt -10.265 1.497 2.757 -10.731 1.623 2.628 0.121 0.484 0.033
LookAt -10.265 1.497 2.757 -10.742 1.638 2.710 0.140 0.480 0.014
LookAt -10.265 1.497 2.757 -10.741 1.647 2.777 0.150 0.477 -0.006
LookAt -10.265 1.497 2.757 -10.735 1.650 2.827 0.152 0.476 -0.023
LookAt -10.268 1.497 2.729 -10.734 1.644 2.839 0.143 0.478 -0.034
LookAt -10.280 1.496 2.645 -10.741 1.624 2.792 0.121 0.484 -0.038
LookAt -10.299 1.496 2.509 -10.756 1.591 2.688 0.088 0.491 -0.035
LookAt -10.324 1.495 2.331 -10.777 1.547 2.537 0.047 0.497 -0.022
LookAt -10.352 1.494 2.129 -10.798 1.497 2.356 0.003 0.500 -0.001
LookAt -10.381 1.493 1.928 -10.818 1.447 2.166 -0.040 0.498 0.022
LookAt -10.405 1.492 1.749 -10.833 1.403 1.994 -0.077 0.492 0.044
LookAt -10.424 1.491 1.613 -10.843 1.370 1.859 -0.104 0.485 0.061
LookAt -10.436 1.490 1.530 -10.849 1.350 1.774 -0.121 0.480 0.072
LookAt -10.440 1.490 1.502 -10.851 1.343 1.746 -0.126 0.478 0.075
LookAt -10.440 1.490 1.502 -10.857 1.345 1.736 -0.127 0.478 0.071
LookAt -10.440 1.490 1.502 -10.875 1.350 1.704 -0.127 0.480 0.059
LookAt -10.440 1.490 1.502 -10.899 1.359 1.649 -0.125 0.482 0.040
LookAt -10.440 1.490 1.502 -10.921 1.371 1.572 -0.118 0.486 0.017
LookAt -10.440 1.490 1.502 -10.929 1.386 1.479 -0.104 0.489 -0.005
LookAt -10.440 1.490 1.502 -10.918 1.404 1.383 -0.084 0.492 -0.021
LookAt -10.440 1.490 1.502 -10.891 1.422 1.297 -0.062 0.495 -0.028
LookAt -10.440 1.490 1.502 -10.857 1.439 1.230 -0.043 0.497 -0.028
LookAt -10.440 1.490 1.502 -10.825 1.456 1.185 -0.027 0.499 -0.022
LookAt -10.440 1.490 1.502 -10.804 1.470 1.160 -0.015 0.500 -0.014
LookAt -10.453 1.490 1.490 -10.804 1.484 1.133 -0.004 0.500 -0.004
LookAt -10.493 1.490 1.451 -10.831 1.499 1.083 0.006 0.500 0.007
LookAt -10.559 1.490 1.383 -10.886 1.515 1.005 0.016 0.499 0.019
LookAt -10.649 1.491 1.285 -10.966 1.532 0.901 0.026 0.498 0.032
LookAt -10.756 1.492 1.160 -11.066 1.549 0.772 0.036 0.497 0.045
LookAt -10.871 1.493 1.012 -11.175 1.566 0.622 0.045 0.495 0.058
LookAt -10.983 1.494 0.850 -11.284 1.581 0.460 0.053 0.492 0.069
LookAt -11.085 1.496 0.681 -11.382 1.596 0.292 0.061 0.490 0.079
LookAt -11.169 1.498 0.512 -11.465 1.609 0.125 0.067 0.488 0.088
LookAt -11.235 1.501 0.349 -11.530 1.620 -0.037 0.072 0.486 0.095
LookAt -11.290 1.509 0.165 -11.588 1.636 -0.215 0.078 0.484 0.100
LookAt -11.342 1.530 -0.064 -11.654 1.663 -0.431 0.086 0.482 0.102
LookAt -11.391 1.561 -0.330 -11.725 1.700 -0.676 0.097 0.480 0.100
LookAt -11.436 1.600 -0.620 -11.796 1.744 -0.936 0.108 0.479 0.095
LookAt -11.473 1.645 -0.913 -11.860 1.791 -1.193 0.119 0.478 0.086
LookAt -11.503 1.689 -1.183 -11.914 1.838 -1.426 0.128 0.477 0.076
LookAt -11.525 1.728 -1.408 -11.954 1.877 -1.616 0.135 0.477 0.065
LookAt -11.539 1.757 -1.574 -11.981 1.907 -1.754 0.139 0.477 0.057
LookAt -11.547 1.775 -1.673 -11.995 1.926 -1.835 0.141 0.477 0.051
LookAt -11.549 1.781 -1.705 -12.000 1.932 -1.862 0.142 0.477 0.050
LookAt -11.535 1.778 -1.703 -11.972 1.923 -1.897 0.133 0.478 0.059
LookAt -11.487 1.768 -1.699 -11.868 1.898 -1.997 0.102 0.483 0.080
LookAt -11.401 1.752 -1.692 -11.639 1.855 -2.120 0.050 0.489 0.090
LookAt -11.274 1.729 -1.683 -11.266 1.797 -2.178 -0.001 0.495 0.068
LookAt -11.105 1.701 -1.671 -10.819 1.730 -2.080 -0.016 0.499 0.023
LookAt -10.898 1.670 -1.657 -10.432 1.658 -1.838 0.011 0.500 -0.004
LookAt -10.662 1.638 -1.643 -10.170 1.591 -1.567 0.047 0.498 0.007
LookAt -10.406 1.607 -1.629 -9.985 1.533 -1.369 0.063 0.494 0.039
LookAt -10.140 1.578 -1.616 -9.797 1.488 -1.264 0.063 0.492 0.065
LookAt -9.870 1.553 -1.605 -9.557 1.457 -1.226 0.061 0.491 0.074
LookAt -9.580 1.527 -1.592 -9.260 1.434 -1.220 0.061 0.491 0.071
LookAt -9.250 1.498 -1.578 -8.908 1.411 -1.224 0.060 0.492 0.062
LookAt -8.882 1.465 -1.563 -8.504 1.390 -1.244 0.058 0.494 0.048
LookAt -8.481 1.431 -1.546 -8.058 1.371 -1.286 0.052 0.496 0.032
LookAt -8.060 1.398 -1.529 -7.594 1.354 -1.353 0.041 0.498 0.015
LookAt -7.634 1.368 -1.514 -7.140 1.341 -1.443 0.026 0.499 0.004
LookAt -7.220 1.343 -1.502 -6.722 1.332 -1.549 0.012 0.500 -0.001
LookAt -6.830 1.326 -1.493 -6.358 1.325 -1.659 0.000 0.500 -0.000
LookAt -6.472 1.315 -1.488 -6.054 1.322 -1.762 -0.006 0.500 0.004
LookAt -6.150 1.312 -1.486 -5.805 1.321 -1.848 -0.006 0.500 0.007
LookAt -5.836 1.319 -1.499 -5.591 1.326 -1.935 -0.003 0.500 0.006
LookAt -5.504 1.341 -1.537 -5.401 1.339 -2.026 0.000 0.500 -0.001
LookAt -5.165 1.376 -1.599 -5.235 1.362 -2.094 -0.002 0.500 -0.014
LookAt -4.832 1.423 -1.680 -5.078 1.391 -2.114 -0.016 0.499 -0.027
LookAt -4.524 1.476 -1.772 -4.912 1.425 -2.083 -0.040 0.497 -0.032
LookAt -4.257 1.528 -1.864 -4.727 1.458 -2.021 -0.066 0.495 -0.022
LookAt -4.047 1.575 -1.945 -4.539 1.488 -1.955 -0.087 0.492 -0.002
LookAt -3.899 1.610 -2.007 -4.378 1.511 -1.904 -0.097 0.490 0.021
LookAt -3.814 1.632 -2.045 -4.270 1.525 -1.871 -0.100 0.488 0.038
LookAt -3.787 1.639 -2.058 -4.228 1.529 -1.849 -0.099 0.488 0.047
LookAt -3.787 1.639 -2.058 -4.222 1.536 -1.834 -0.091 0.489 0.047
LookAt -3.787 1.639 -2.058 -4.221 1.558 -1.822 -0.071 0.493 0.039
LookAt -3.787 1.639 -2.058 -4.221 1.593 -1.814 -0.040 0.498 0.023
LookAt -3.787 1.639 -2.058 -4.222 1.640 -1.810 0.000 0.500 -0.000
LookAt -3.787 1.639 -2.058 -4.219 1.693 -1.811 0.046 0.497 -0.026
LookAt -3.787 1.639 -2.058 -4.212 1.745 -1.815 0.092 0.489 -0.052
LookAt -3.787 1.639 -2.058 -4.200 1.790 -1.819 0.130 0.477 -0.075
LookAt -3.787 1.639 -2.058 -4.187 1.823 -1.820 0.158 0.465 -0.094
LookAt -3.787 1.639 -2.058 -4.174 1.844 -1.815 0.173 0.456 -0.109
LookAt -3.787 1.639 -2.058 -4.163 1.850 -1.804 0.175 0.453 -0.118
LookAt -3.763 1.637 -2.043 -4.116 1.843 -1.755 0.160 0.455 -0.130
LookAt -3.687 1.629 -1.995 -3.984 1.822 -1.643 0.125 0.461 -0.148
LookAt -3.559 1.615 -1.915 -3.749 1.787 -1.486 0.070 0.470 -0.157
LookAt -3.382 1.597 -1.803 -3.407 1.739 -1.325 0.007 0.479 -0.143
LookAt -3.166 1.575 -1.665 -2.993 1.684 -1.209 -0.039 0.488 -0.102
LookAt -2.927 1.552 -1.511 -2.575 1.625 -1.164 -0.052 0.495 -0.051
LookAt -2.683 1.530 -1.351 -2.220 1.570 -1.167 -0.038 0.498 -0.015
LookAt -2.449 1.510 -1.196 -1.950 1.524 -1.178 -0.014 0.500 -0.001
LookAt -2.238 1.493 -1.052 -1.751 1.489 -1.164 0.004 0.500 -0.001
LookAt -2.056 1.481 -0.924 -1.596 1.467 -1.119 0.013 0.500 -0.006
LookAt -1.893 1.471 -0.802 -1.460 1.453 -1.051 0.016 0.500 -0.009
LookAt -1.738 1.463 -0.674 -1.331 1.441 -0.962 0.018 0.500 -0.013
LookAt -1.590 1.455 -0.540 -1.204 1.431 -0.857 0.019 0.499 -0.016
LookAt -1.446 1.449 -0.404 -1.076 1.423 -0.739 0.019 0.499 -0.018
LookAt -1.302 1.445 -0.267 -0.942 1.418 -0.613 0.020 0.499 -0.019
LookAt -1.153 1.442 -0.134 -0.800 1.414 -0.486 0.020 0.499 -0.020
LookAt -0.995 1.440 -0.006 -0.648 1.411 -0.365 0.020 0.499 -0.020
LookAt -0.825 1.439 0.113 -0.487 1.409 -0.254 0.020 0.499 -0.022
LookAt -0.641 1.438 0.223 -0.317 1.406 -0.156 0.021 0.499 -0.024
LookAt -0.445 1.438 0.325 -0.141 1.403 -0.070 0.021 0.499 -0.027
LookAt -0.235 1.439 0.424 0.043 1.400 0.010 0.021 0.499 -0.032
LookAt -0.009 1.442 0.525 0.237 1.399 0.092 0.021 0.498 -0.038
LookAt 0.232 1.447 0.626 0.439 1.398 0.174 0.021 0.498 -0.045
LookAt 0.486 1.454 0.723 0.651 1.398 0.254 0.019 0.497 -0.053
LookAt 0.749 1.461 0.811 0.870 1.398 0.330 0.015 0.496 -0.061
LookAt 1.013 1.469 0.886 1.095 1.400 0.397 0.011 0.495 -0.068
LookAt 1.274 1.475 0.944 1.322 1.401 0.451 0.007 0.494 -0.074
LookAt 1.525 1.480 0.984 1.549 1.402 0.490 0.004 0.494 -0.078
LookAt 1.764 1.484 1.006 1.773 1.403 0.513 0.001 0.493 -0.080
LookAt 1.989 1.485 1.014 1.994 1.403 0.520 0.001 0.493 -0.081
LookAt 2.192 1.484 0.990 2.206 1.404 0.497 0.002 0.494 -0.080
LookAt 2.367 1.482 0.920 2.409 1.407 0.428 0.006 0.494 -0.075
LookAt 2.518 1.480 0.807 2.605 1.411 0.319 0.012 0.495 -0.067
LookAt 2.655 1.475 0.658 2.799 1.416 0.183 0.017 0.496 -0.057
LookAt 2.791 1.469 0.489 2.999 1.420 0.037 0.021 0.498 -0.045
LookAt 2.942 1.463 0.321 3.210 1.424 -0.099 0.021 0.498 -0.033
LookAt 3.124 1.455 0.172 3.440 1.425 -0.214 0.019 0.499 -0.023
LookAt 3.345 1.446 0.058 3.696 1.423 -0.297 0.016 0.499 -0.016
LookAt 3.610 1.437 -0.012 3.980 1.419 -0.347 0.014 0.500 -0.012
LookAt 3.918 1.428 -0.035 4.295 1.411 -0.363 0.013 0.500 -0.011
LookAt 4.306 1.417 -0.032 4.680 1.400 -0.363 0.013 0.500 -0.011
LookAt 4.805 1.404 -0.023 5.172 1.386 -0.362 0.013 0.500 -0.012
LookAt 5.401 1.387 -0.008 5.754 1.369 -0.361 0.013 0.500 -0.013
LookAt 6.059 1.370 0.012 6.396 1.351 -0.358 0.013 0.500 -0.014
LookAt 6.731 1.352 0.034 7.047 1.332 -0.354 0.013 0.500 -0.015
LookAt 7.358 1.335 0.056 7.652 1.314 -0.348 0.012 0.500 -0.017
LookAt 7.884 1.321 0.075 8.158 1.299 -0.343 0.012 0.500 -0.018
LookAt 8.272 1.310 0.090 8.530 1.288 -0.338 0.011 0.500 -0.019
LookAt 8.504 1.304 0.099 8.752 1.282 -0.334 0.011 0.499 -0.020
LookAt 8.580 1.302 0.102 8.825 1.279 -0.333 0.011 0.499 -0.020
