LookAt 0.165 -1.943 0.665 0.157 -1.748 0.626 -0.002 0.040 0.196
LookAt 0.165 -1.943 0.665 0.156 -1.748 0.626 -0.002 0.040 0.196
LookAt 0.165 -1.943 0.665 0.155 -1.748 0.626 -0.002 0.039 0.196
LookAt 0.165 -1.943 0.665 0.154 -1.747 0.626 -0.002 0.039 0.196
LookAt 0.165 -1.943 0.665 0.151 -1.747 0.626 -0.003 0.039 0.196
LookAt 0.165 -1.942 0.664 0.148 -1.746 0.626 -0.003 0.038 0.196
LookAt 0.164 -1.940 0.664 0.144 -1.745 0.626 -0.004 0.038 0.196
LookAt 0.163 -1.938 0.663 0.140 -1.743 0.626 -0.004 0.037 0.196
LookAt 0.162 -1.936 0.663 0.134 -1.741 0.626 -0.005 0.037 0.197
LookAt 0.160 -1.932 0.662 0.128 -1.738 0.625 -0.006 0.036 0.197
LookAt 0.158 -1.927 0.661 0.122 -1.733 0.625 -0.007 0.035 0.197
LookAt 0.155 -1.921 0.659 0.115 -1.728 0.624 -0.007 0.034 0.197
LookAt 0.152 -1.914 0.658 0.108 -1.722 0.623 -0.008 0.034 0.197
LookAt 0.149 -1.905 0.656 0.101 -1.714 0.622 -0.008 0.033 0.197
LookAt 0.144 -1.896 0.655 0.093 -1.705 0.621 -0.009 0.032 0.197
LookAt 0.139 -1.885 0.653 0.086 -1.695 0.620 -0.009 0.032 0.197
LookAt 0.134 -1.873 0.651 0.078 -1.684 0.618 -0.009 0.031 0.197
LookAt 0.128 -1.860 0.649 0.071 -1.671 0.616 -0.009 0.031 0.197
LookAt 0.122 -1.846 0.646 0.064 -1.658 0.614 -0.009 0.031 0.197
LookAt 0.116 -1.832 0.644 0.057 -1.643 0.612 -0.010 0.031 0.197
LookAt 0.105 -1.815 0.642 0.047 -1.626 0.609 -0.009 0.031 0.197
LookAt 0.086 -1.796 0.639 0.030 -1.606 0.607 -0.009 0.032 0.197
LookAt 0.058 -1.773 0.637 0.006 -1.583 0.603 -0.009 0.033 0.197
LookAt 0.022 -1.747 0.635 -0.024 -1.556 0.600 -0.008 0.034 0.197
LookAt -0.022 -1.719 0.633 -0.061 -1.526 0.596 -0.007 0.036 0.197
LookAt -0.073 -1.687 0.630 -0.104 -1.493 0.591 -0.006 0.038 0.196
LookAt -0.130 -1.652 0.628 -0.152 -1.457 0.587 -0.005 0.041 0.196
LookAt -0.192 -1.614 0.625 -0.203 -1.419 0.582 -0.003 0.044 0.195
LookAt -0.257 -1.574 0.622 -0.258 -1.380 0.576 -0.000 0.046 0.195
LookAt -0.323 -1.532 0.619 -0.313 -1.339 0.570 0.003 0.049 0.194
LookAt -0.389 -1.489 0.616 -0.368 -1.297 0.564 0.006 0.051 0.193
LookAt -0.453 -1.445 0.613 -0.421 -1.255 0.558 0.009 0.054 0.192
LookAt -0.513 -1.401 0.609 -0.471 -1.214 0.552 0.012 0.055 0.192
LookAt -0.567 -1.357 0.605 -0.516 -1.172 0.546 0.016 0.057 0.191
LookAt -0.614 -1.313 0.600 -0.555 -1.132 0.539 0.019 0.058 0.190
LookAt -0.653 -1.271 0.595 -0.589 -1.092 0.533 0.021 0.059 0.190
LookAt -0.684 -1.229 0.590 -0.615 -1.053 0.526 0.023 0.059 0.190
LookAt -0.706 -1.190 0.585 -0.633 -1.015 0.520 0.025 0.060 0.189
LookAt -0.719 -1.152 0.579 -0.644 -0.978 0.514 0.026 0.060 0.189
LookAt -0.723 -1.116 0.573 -0.648 -0.942 0.508 0.026 0.060 0.189
LookAt -0.723 -1.080 0.567 -0.647 -0.907 0.501 0.026 0.060 0.189
LookAt -0.720 -1.044 0.560 -0.645 -0.871 0.495 0.026 0.060 0.189
LookAt -0.717 -1.008 0.553 -0.642 -0.834 0.489 0.026 0.059 0.189
LookAt -0.712 -0.971 0.546 -0.636 -0.797 0.482 0.025 0.058 0.190
LookAt -0.705 -0.933 0.538 -0.630 -0.759 0.476 0.025 0.057 0.190
LookAt -0.698 -0.896 0.530 -0.622 -0.721 0.469 0.024 0.056 0.190
LookAt -0.689 -0.858 0.522 -0.613 -0.683 0.462 0.024 0.055 0.191
LookAt -0.679 -0.820 0.513 -0.603 -0.644 0.455 0.023 0.053 0.191
LookAt -0.668 -0.783 0.504 -0.592 -0.606 0.448 0.022 0.051 0.192
LookAt -0.656 -0.745 0.494 -0.580 -0.568 0.440 0.021 0.050 0.193
LookAt -0.645 -0.709 0.485 -0.569 -0.531 0.433 0.021 0.048 0.193
LookAt -0.633 -0.673 0.475 -0.557 -0.495 0.425 0.020 0.046 0.194
LookAt -0.621 -0.638 0.466 -0.546 -0.459 0.417 0.019 0.045 0.194
LookAt -0.611 -0.604 0.456 -0.535 -0.425 0.409 0.018 0.043 0.194
LookAt -0.600 -0.572 0.447 -0.526 -0.392 0.401 0.018 0.042 0.195
LookAt -0.591 -0.540 0.437 -0.517 -0.360 0.393 0.017 0.041 0.195
LookAt -0.583 -0.509 0.428 -0.510 -0.328 0.385 0.017 0.040 0.195
LookAt -0.576 -0.480 0.419 -0.503 -0.299 0.376 0.016 0.040 0.195
LookAt -0.570 -0.451 0.411 -0.498 -0.270 0.368 0.016 0.040 0.195
LookAt -0.566 -0.424 0.402 -0.494 -0.242 0.360 0.016 0.040 0.195
LookAt -0.562 -0.398 0.394 -0.492 -0.215 0.351 0.015 0.040 0.195
LookAt -0.559 -0.372 0.384 -0.490 -0.189 0.341 0.015 0.041 0.195
LookAt -0.556 -0.347 0.374 -0.489 -0.163 0.329 0.015 0.042 0.195
LookAt -0.554 -0.322 0.364 -0.490 -0.139 0.317 0.015 0.044 0.195
LookAt -0.552 -0.299 0.353 -0.491 -0.115 0.304 0.015 0.046 0.194
LookAt -0.551 -0.276 0.341 -0.494 -0.092 0.290 0.015 0.049 0.193
LookAt -0.550 -0.255 0.330 -0.497 -0.070 0.275 0.015 0.052 0.192
LookAt -0.550 -0.234 0.318 -0.501 -0.049 0.260 0.015 0.056 0.191
LookAt -0.549 -0.214 0.307 -0.505 -0.029 0.245 0.014 0.060 0.190
LookAt -0.549 -0.195 0.296 -0.509 -0.011 0.231 0.014 0.064 0.189
LookAt -0.549 -0.178 0.285 -0.514 0.007 0.217 0.013 0.067 0.188
LookAt -0.549 -0.161 0.276 -0.518 0.023 0.204 0.012 0.071 0.187
LookAt -0.548 -0.144 0.267 -0.521 0.039 0.192 0.011 0.074 0.185
LookAt -0.548 -0.129 0.259 -0.524 0.054 0.181 0.010 0.078 0.184
LookAt -0.547 -0.114 0.253 -0.526 0.068 0.172 0.009 0.080 0.183
LookAt -0.545 -0.099 0.247 -0.527 0.082 0.165 0.008 0.082 0.182
LookAt -0.543 -0.085 0.243 -0.527 0.096 0.159 0.008 0.084 0.181
LookAt -0.541 -0.071 0.240 -0.526 0.109 0.155 0.007 0.085 0.181
LookAt -0.538 -0.057 0.239 -0.524 0.123 0.152 0.007 0.086 0.180
LookAt -0.534 -0.043 0.238 -0.521 0.137 0.152 0.007 0.086 0.180
LookAt -0.531 -0.029 0.239 -0.516 0.151 0.153 0.007 0.085 0.181
LookAt -0.527 -0.017 0.240 -0.511 0.165 0.157 0.007 0.082 0.182
LookAt -0.522 -0.005 0.242 -0.504 0.179 0.164 0.008 0.077 0.184
LookAt -0.518 0.007 0.245 -0.495 0.193 0.175 0.008 0.070 0.187
LookAt -0.513 0.017 0.249 -0.485 0.206 0.188 0.009 0.061 0.190
LookAt -0.507 0.027 0.254 -0.474 0.218 0.204 0.009 0.049 0.194
LookAt -0.502 0.036 0.260 -0.461 0.229 0.223 0.008 0.035 0.197
LookAt -0.496 0.044 0.266 -0.448 0.237 0.245 0.005 0.020 0.199
LookAt -0.490 0.052 0.273 -0.433 0.244 0.269 0.001 0.004 0.200
LookAt -0.484 0.060 0.281 -0.419 0.248 0.295 -0.005 -0.013 0.200
LookAt -0.477 0.066 0.288 -0.405 0.250 0.321 -0.012 -0.030 0.197
LookAt -0.471 0.073 0.296 -0.393 0.250 0.347 -0.021 -0.046 0.193
LookAt -0.464 0.079 0.304 -0.381 0.248 0.373 -0.030 -0.061 0.188
LookAt -0.457 0.086 0.312 -0.371 0.245 0.397 -0.040 -0.075 0.181
LookAt -0.451 0.093 0.320 -0.363 0.242 0.420 -0.051 -0.086 0.173
LookAt -0.444 0.099 0.327 -0.356 0.239 0.440 -0.060 -0.095 0.165
LookAt -0.437 0.106 0.334 -0.350 0.237 0.458 -0.069 -0.103 0.157
LookAt -0.431 0.114 0.340 -0.345 0.236 0.474 -0.077 -0.109 0.149
LookAt -0.424 0.121 0.346 -0.341 0.236 0.487 -0.083 -0.114 0.141
LookAt -0.417 0.130 0.351 -0.337 0.238 0.499 -0.088 -0.118 0.135
LookAt -0.411 0.138 0.355 -0.333 0.241 0.508 -0.093 -0.122 0.129
LookAt -0.404 0.146 0.359 -0.329 0.244 0.517 -0.096 -0.125 0.123
LookAt -0.397 0.155 0.363 -0.325 0.248 0.524 -0.100 -0.127 0.118
LookAt -0.390 0.163 0.366 -0.320 0.252 0.531 -0.103 -0.129 0.113
LookAt -0.383 0.172 0.368 -0.315 0.257 0.536 -0.105 -0.131 0.108
LookAt -0.376 0.181 0.371 -0.310 0.262 0.541 -0.107 -0.133 0.105
LookAt -0.368 0.189 0.373 -0.304 0.268 0.545 -0.109 -0.134 0.101
LookAt -0.360 0.198 0.374 -0.298 0.274 0.549 -0.110 -0.135 0.098
LookAt -0.353 0.206 0.376 -0.292 0.280 0.552 -0.111 -0.136 0.096
LookAt -0.345 0.215 0.378 -0.286 0.287 0.555 -0.112 -0.137 0.093
LookAt -0.338 0.223 0.381 -0.280 0.294 0.558 -0.113 -0.138 0.091
LookAt -0.330 0.231 0.383 -0.273 0.300 0.562 -0.113 -0.138 0.090
LookAt -0.323 0.239 0.386 -0.267 0.307 0.566 -0.114 -0.139 0.088
LookAt -0.315 0.247 0.390 -0.260 0.313 0.571 -0.115 -0.139 0.086
LookAt -0.308 0.255 0.395 -0.254 0.320 0.576 -0.116 -0.140 0.085
LookAt -0.302 0.262 0.400 -0.249 0.325 0.583 -0.117 -0.140 0.083
LookAt -0.295 0.269 0.407 -0.243 0.331 0.590 -0.118 -0.140 0.080
LookAt -0.289 0.276 0.414 -0.238 0.336 0.598 -0.119 -0.141 0.078
LookAt -0.283 0.283 0.421 -0.234 0.340 0.607 -0.121 -0.141 0.075
LookAt -0.277 0.290 0.430 -0.230 0.344 0.616 -0.122 -0.141 0.072
LookAt -0.271 0.297 0.440 -0.226 0.348 0.628 -0.124 -0.141 0.068
LookAt -0.265 0.304 0.451 -0.222 0.352 0.641 -0.127 -0.141 0.065
LookAt -0.259 0.312 0.465 -0.218 0.356 0.655 -0.129 -0.140 0.061
LookAt -0.252 0.319 0.480 -0.214 0.360 0.672 -0.132 -0.140 0.056
LookAt -0.246 0.327 0.497 -0.210 0.364 0.690 -0.134 -0.139 0.052
LookAt -0.240 0.335 0.515 -0.207 0.368 0.709 -0.137 -0.138 0.047
LookAt -0.233 0.343 0.534 -0.203 0.372 0.730 -0.140 -0.137 0.042
LookAt -0.227 0.350 0.554 -0.200 0.376 0.751 -0.143 -0.135 0.037
LookAt -0.221 0.358 0.575 -0.197 0.380 0.772 -0.145 -0.134 0.033
LookAt -0.216 0.365 0.595 -0.195 0.383 0.793 -0.148 -0.132 0.028
LookAt -0.210 0.371 0.614 -0.192 0.387 0.813 -0.150 -0.130 0.024
LookAt -0.206 0.377 0.633 -0.191 0.390 0.832 -0.152 -0.128 0.020
LookAt -0.201 0.382 0.650 -0.189 0.393 0.849 -0.154 -0.127 0.016
LookAt -0.198 0.387 0.665 -0.188 0.395 0.864 -0.156 -0.125 0.013
LookAt -0.195 0.391 0.678 -0.187 0.397 0.877 -0.157 -0.123 0.010
LookAt -0.192 0.394 0.688 -0.186 0.399 0.888 -0.158 -0.122 0.008
LookAt -0.190 0.396 0.697 -0.185 0.400 0.897 -0.159 -0.121 0.006
LookAt -0.189 0.398 0.703 -0.185 0.401 0.903 -0.159 -0.121 0.005
LookAt -0.188 0.399 0.706 -0.185 0.402 0.906 -0.160 -0.120 0.004
LookAt -0.188 0.399 0.707 -0.185 0.402 0.907 -0.160 -0.120 0.004
LookAt -0.188 0.399 0.707 -0.183 0.403 0.907 -0.160 -0.120 0.007
LookAt -0.188 0.399 0.707 -0.176 0.408 0.907 -0.159 -0.120 0.015
LookAt -0.188 0.399 0.707 -0.165 0.417 0.905 -0.158 -0.119 0.029
LookAt -0.188 0.399 0.707 -0.150 0.428 0.902 -0.155 -0.117 0.048
LookAt -0.188 0.399 0.707 -0.131 0.442 0.894 -0.149 -0.113 0.071
LookAt -0.188 0.399 0.707 -0.110 0.459 0.882 -0.139 -0.106 0.098
LookAt -0.188 0.399 0.707 -0.088 0.476 0.863 -0.123 -0.095 0.126
LookAt -0.188 0.399 0.707 -0.068 0.493 0.837 -0.102 -0.080 0.152
LookAt -0.188 0.399 0.707 -0.051 0.508 0.805 -0.076 -0.061 0.175
LookAt -0.188 0.399 0.707 -0.040 0.520 0.768 -0.047 -0.038 0.191
LookAt -0.188 0.399 0.707 -0.035 0.527 0.728 -0.016 -0.013 0.199
LookAt -0.188 0.399 0.707 -0.037 0.530 0.688 0.014 0.012 0.199
LookAt -0.188 0.399 0.707 -0.045 0.528 0.652 0.041 0.037 0.192
LookAt -0.188 0.399 0.707 -0.057 0.523 0.621 0.063 0.059 0.180
LookAt -0.188 0.399 0.707 -0.070 0.516 0.595 0.080 0.079 0.166
LookAt -0.188 0.399 0.707 -0.084 0.509 0.576 0.091 0.095 0.151
LookAt -0.188 0.399 0.707 -0.096 0.502 0.562 0.097 0.108 0.137
LookAt -0.188 0.399 0.707 -0.107 0.497 0.553 0.099 0.119 0.127
LookAt -0.188 0.399 0.707 -0.114 0.494 0.547 0.098 0.126 0.120
LookAt -0.188 0.399 0.707 -0.119 0.495 0.546 0.094 0.131 0.118
LookAt -0.187 0.401 0.707 -0.123 0.499 0.545 0.088 0.135 0.118
LookAt -0.185 0.404 0.704 -0.126 0.506 0.543 0.081 0.139 0.118
LookAt -0.182 0.410 0.701 -0.129 0.515 0.540 0.073 0.144 0.118
LookAt -0.178 0.418 0.696 -0.132 0.527 0.535 0.062 0.149 0.118
LookAt -0.172 0.428 0.690 -0.135 0.541 0.529 0.050 0.153 0.119
LookAt -0.166 0.440 0.682 -0.139 0.556 0.522 0.037 0.156 0.119
LookAt -0.158 0.454 0.674 -0.142 0.572 0.513 0.021 0.159 0.120
LookAt -0.150 0.469 0.664 -0.146 0.589 0.504 0.005 0.160 0.120
LookAt -0.141 0.485 0.654 -0.151 0.606 0.495 -0.012 0.159 0.121
LookAt -0.132 0.502 0.644 -0.156 0.622 0.485 -0.030 0.155 0.122
LookAt -0.123 0.519 0.633 -0.161 0.636 0.476 -0.048 0.150 0.123
LookAt -0.114 0.535 0.623 -0.166 0.648 0.467 -0.065 0.142 0.125
LookAt -0.106 0.550 0.614 -0.172 0.658 0.459 -0.081 0.132 0.126
LookAt -0.098 0.564 0.605 -0.178 0.665 0.452 -0.095 0.121 0.128
LookAt -0.092 0.576 0.598 -0.184 0.668 0.446 -0.107 0.108 0.130
LookAt -0.086 0.586 0.591 -0.190 0.669 0.441 -0.117 0.094 0.132
LookAt -0.082 0.594 0.586 -0.195 0.666 0.438 -0.125 0.080 0.134
LookAt -0.079 0.600 0.583 -0.201 0.661 0.437 -0.131 0.066 0.136
LookAt -0.077 0.603 0.581 -0.207 0.653 0.437 -0.134 0.052 0.139
LookAt -0.077 0.605 0.580 -0.212 0.643 0.438 -0.136 0.039 0.141
LookAt -0.077 0.605 0.580 -0.218 0.631 0.441 -0.137 0.026 0.144
LookAt -0.077 0.605 0.580 -0.223 0.618 0.444 -0.135 0.013 0.147
LookAt -0.077 0.605 0.580 -0.226 0.603 0.447 -0.133 -0.001 0.150
LookAt -0.077 0.605 0.580 -0.228 0.587 0.451 -0.128 -0.015 0.153
LookAt -0.077 0.605 0.580 -0.229 0.570 0.455 -0.122 -0.028 0.156
LookAt -0.077 0.605 0.580 -0.227 0.552 0.460 -0.114 -0.039 0.160
LookAt -0.077 0.605 0.580 -0.224 0.534 0.465 -0.104 -0.050 0.163
LookAt -0.077 0.605 0.580 -0.218 0.516 0.470 -0.093 -0.058 0.167
LookAt -0.077 0.605 0.580 -0.210 0.499 0.475 -0.082 -0.065 0.170
LookAt -0.077 0.605 0.580 -0.201 0.483 0.481 -0.071 -0.069 0.174
LookAt -0.077 0.605 0.580 -0.190 0.469 0.487 -0.060 -0.071 0.177
LookAt -0.077 0.605 0.580 -0.179 0.457 0.493 -0.050 -0.072 0.180
LookAt -0.077 0.605 0.580 -0.168 0.447 0.498 -0.041 -0.071 0.183
LookAt -0.077 0.605 0.580 -0.158 0.438 0.504 -0.033 -0.068 0.185
LookAt -0.077 0.605 0.580 -0.148 0.432 0.509 -0.027 -0.065 0.187
LookAt -0.077 0.605 0.580 -0.140 0.427 0.514 -0.022 -0.062 0.189
LookAt -0.077 0.605 0.580 -0.134 0.423 0.519 -0.018 -0.058 0.191
LookAt -0.077 0.605 0.580 -0.130 0.420 0.524 -0.016 -0.054 0.192
LookAt -0.077 0.605 0.580 -0.127 0.418 0.527 -0.014 -0.051 0.193
LookAt -0.077 0.605 0.580 -0.126 0.417 0.531 -0.013 -0.047 0.194
LookAt -0.077 0.603 0.580 -0.127 0.415 0.534 -0.012 -0.044 0.195
LookAt -0.077 0.600 0.580 -0.128 0.411 0.537 -0.011 -0.041 0.195
LookAt -0.078 0.594 0.579 -0.130 0.404 0.539 -0.011 -0.039 0.196
LookAt -0.080 0.584 0.579 -0.132 0.395 0.541 -0.010 -0.036 0.196
LookAt -0.083 0.572 0.578 -0.136 0.383 0.542 -0.010 -0.034 0.197
LookAt -0.086 0.557 0.577 -0.140 0.368 0.543 -0.010 -0.033 0.197
LookAt -0.089 0.539 0.576 -0.145 0.350 0.543 -0.009 -0.031 0.197
LookAt -0.094 0.518 0.575 -0.152 0.329 0.543 -0.009 -0.030 0.197
LookAt -0.099 0.493 0.573 -0.159 0.305 0.543 -0.009 -0.029 0.198
LookAt -0.106 0.466 0.572 -0.167 0.278 0.542 -0.009 -0.028 0.198
LookAt -0.113 0.436 0.571 -0.175 0.249 0.542 -0.009 -0.027 0.198
LookAt -0.121 0.405 0.570 -0.185 0.217 0.541 -0.009 -0.027 0.198
LookAt -0.130 0.371 0.568 -0.195 0.184 0.541 -0.009 -0.026 0.198
LookAt -0.139 0.336 0.567 -0.206 0.150 0.541 -0.009 -0.025 0.198
LookAt -0.149 0.301 0.566 -0.217 0.114 0.541 -0.009 -0.024 0.198
LookAt -0.160 0.264 0.566 -0.229 0.078 0.541 -0.009 -0.023 0.198
LookAt -0.171 0.228 0.565 -0.241 0.042 0.542 -0.008 -0.022 0.199
LookAt -0.183 0.191 0.565 -0.253 0.006 0.543 -0.008 -0.020 0.199
LookAt -0.194 0.155 0.564 -0.265 -0.031 0.544 -0.007 -0.019 0.199
LookAt -0.207 0.119 0.564 -0.278 -0.067 0.546 -0.006 -0.017 0.199
LookAt -0.219 0.082 0.566 -0.291 -0.104 0.550 -0.006 -0.015 0.199
LookAt -0.234 0.041 0.572 -0.305 -0.145 0.559 -0.005 -0.012 0.200
LookAt -0.250 -0.004 0.582 -0.321 -0.190 0.571 -0.004 -0.010 0.200
LookAt -0.267 -0.052 0.596 -0.339 -0.239 0.588 -0.003 -0.007 0.200
LookAt -0.286 -0.104 0.614 -0.358 -0.290 0.609 -0.002 -0.004 0.200
LookAt -0.307 -0.158 0.635 -0.378 -0.345 0.634 -0.001 -0.001 0.200
LookAt -0.328 -0.216 0.661 -0.400 -0.403 0.663 0.001 0.002 0.200
LookAt -0.351 -0.277 0.690 -0.423 -0.464 0.695 0.002 0.005 0.200
LookAt -0.375 -0.340 0.722 -0.446 -0.526 0.731 0.003 0.009 0.200
LookAt -0.400 -0.405 0.757 -0.471 -0.591 0.770 0.005 0.012 0.200
LookAt -0.425 -0.471 0.795 -0.496 -0.657 0.812 0.006 0.016 0.199
LookAt -0.451 -0.538 0.835 -0.522 -0.724 0.856 0.007 0.019 0.199
LookAt -0.477 -0.606 0.877 -0.548 -0.791 0.902 0.009 0.023 0.198
LookAt -0.503 -0.673 0.920 -0.574 -0.858 0.949 0.010 0.027 0.198
LookAt -0.529 -0.739 0.964 -0.599 -0.923 0.996 0.012 0.030 0.197
LookAt -0.554 -0.803 1.008 -0.624 -0.987 1.044 0.013 0.034 0.197
LookAt -0.578 -0.866 1.051 -0.648 -1.049 1.090 0.014 0.037 0.196
LookAt -0.601 -0.925 1.093 -0.671 -1.107 1.136 0.015 0.040 0.195
LookAt -0.623 -0.981 1.133 -0.693 -1.163 1.179 0.016 0.043 0.195
LookAt -0.644 -1.033 1.171 -0.713 -1.214 1.220 0.018 0.046 0.194
LookAt -0.663 -1.080 1.206 -0.732 -1.261 1.258 0.018 0.048 0.193
LookAt -0.680 -1.123 1.238 -0.748 -1.303 1.292 0.019 0.051 0.193
LookAt -0.695 -1.162 1.267 -0.763 -1.341 1.324 0.020 0.053 0.192
LookAt -0.708 -1.195 1.293 -0.776 -1.373 1.351 0.021 0.054 0.191
LookAt -0.719 -1.223 1.314 -0.787 -1.401 1.374 0.021 0.056 0.191
LookAt -0.728 -1.245 1.332 -0.796 -1.423 1.393 0.022 0.057 0.191
LookAt -0.735 -1.263 1.346 -0.803 -1.441 1.408 0.022 0.058 0.190
LookAt -0.740 -1.275 1.356 -0.808 -1.453 1.418 0.022 0.058 0.190
LookAt -0.743 -1.283 1.362 -0.811 -1.460 1.425 0.022 0.059 0.190
LookAt -0.744 -1.285 1.364 -0.812 -1.462 1.427 0.023 0.059 0.190
