LookAt -0.177 0.970 -0.274 0.535 0.970 -0.976 -0.000 1.000 0.000
LookAt -0.177 0.970 -0.274 0.536 0.970 -0.975 0.000 1.000 -0.000
LookAt -0.177 0.970 -0.274 0.539 0.970 -0.972 0.000 1.000 -0.000
LookAt -0.177 0.970 -0.274 0.544 0.970 -0.967 0.000 1.000 -0.000
LookAt -0.177 0.970 -0.274 0.550 0.969 -0.960 0.001 1.000 -0.001
LookAt -0.177 0.970 -0.274 0.559 0.968 -0.951 0.002 1.000 -0.002
LookAt -0.177 0.970 -0.274 0.569 0.966 -0.940 0.003 1.000 -0.003
LookAt -0.177 0.970 -0.274 0.580 0.963 -0.927 0.005 1.000 -0.005
LookAt -0.177 0.970 -0.274 0.593 0.959 -0.912 0.008 1.000 -0.007
LookAt -0.177 0.970 -0.274 0.607 0.954 -0.895 0.013 1.000 -0.010
LookAt -0.177 0.970 -0.274 0.621 0.947 -0.876 0.018 1.000 -0.014
LookAt -0.177 0.970 -0.274 0.635 0.940 -0.857 0.025 1.000 -0.018
LookAt -0.177 0.970 -0.274 0.649 0.930 -0.836 0.033 0.999 -0.023
LookAt -0.177 0.970 -0.274 0.662 0.919 -0.815 0.043 0.999 -0.028
LookAt -0.177 0.970 -0.274 0.674 0.906 -0.794 0.055 0.998 -0.033
LookAt -0.177 0.970 -0.274 0.685 0.892 -0.774 0.068 0.997 -0.039
LookAt -0.177 0.970 -0.274 0.695 0.876 -0.754 0.082 0.996 -0.045
LookAt -0.177 0.970 -0.274 0.703 0.859 -0.735 0.098 0.994 -0.051
LookAt -0.177 0.970 -0.274 0.710 0.841 -0.717 0.115 0.992 -0.057
LookAt -0.177 0.970 -0.274 0.715 0.822 -0.700 0.133 0.989 -0.064
LookAt -0.176 0.972 -0.275 0.721 0.802 -0.684 0.154 0.986 -0.070
LookAt -0.170 0.976 -0.278 0.730 0.781 -0.669 0.179 0.981 -0.078
LookAt -0.161 0.984 -0.284 0.740 0.759 -0.653 0.208 0.974 -0.085
LookAt -0.148 0.994 -0.291 0.753 0.736 -0.639 0.241 0.966 -0.093
LookAt -0.131 1.007 -0.300 0.768 0.712 -0.625 0.278 0.955 -0.100
LookAt -0.110 1.023 -0.312 0.783 0.689 -0.612 0.317 0.942 -0.107
LookAt -0.085 1.042 -0.325 0.800 0.666 -0.601 0.359 0.927 -0.112
LookAt -0.057 1.062 -0.340 0.817 0.644 -0.591 0.401 0.909 -0.115
LookAt -0.025 1.083 -0.356 0.834 0.624 -0.582 0.444 0.888 -0.117
LookAt 0.009 1.105 -0.373 0.851 0.605 -0.576 0.486 0.866 -0.117
LookAt 0.045 1.127 -0.391 0.868 0.589 -0.571 0.526 0.843 -0.115
LookAt 0.083 1.149 -0.409 0.886 0.575 -0.569 0.562 0.819 -0.112
LookAt 0.121 1.169 -0.426 0.905 0.564 -0.569 0.595 0.796 -0.108
LookAt 0.160 1.187 -0.443 0.924 0.555 -0.571 0.624 0.775 -0.104
LookAt 0.198 1.203 -0.459 0.945 0.548 -0.574 0.648 0.755 -0.100
LookAt 0.235 1.216 -0.474 0.967 0.543 -0.579 0.667 0.739 -0.096
LookAt 0.271 1.227 -0.487 0.991 0.539 -0.585 0.682 0.726 -0.092
LookAt 0.306 1.234 -0.499 1.016 0.537 -0.591 0.692 0.717 -0.090
LookAt 0.338 1.239 -0.509 1.044 0.535 -0.598 0.698 0.711 -0.088
LookAt 0.369 1.240 -0.518 1.073 0.535 -0.606 0.700 0.709 -0.088
LookAt 0.400 1.240 -0.525 1.106 0.537 -0.617 0.697 0.711 -0.091
LookAt 0.435 1.238 -0.532 1.145 0.542 -0.635 0.689 0.718 -0.099
LookAt 0.472 1.234 -0.539 1.191 0.550 -0.660 0.675 0.729 -0.114
LookAt 0.511 1.230 -0.546 1.241 0.562 -0.694 0.654 0.744 -0.133
LookAt 0.553 1.224 -0.552 1.295 0.578 -0.736 0.627 0.764 -0.155
LookAt 0.597 1.217 -0.557 1.349 0.599 -0.786 0.591 0.786 -0.180
LookAt 0.642 1.208 -0.562 1.402 0.623 -0.846 0.548 0.811 -0.205
LookAt 0.688 1.199 -0.566 1.450 0.652 -0.913 0.498 0.837 -0.227
LookAt 0.733 1.189 -0.570 1.490 0.684 -0.987 0.441 0.864 -0.243
LookAt 0.777 1.177 -0.573 1.518 0.720 -1.065 0.381 0.889 -0.253
LookAt 0.819 1.166 -0.576 1.534 0.758 -1.144 0.319 0.913 -0.254
LookAt 0.859 1.154 -0.578 1.536 0.797 -1.221 0.259 0.934 -0.246
LookAt 0.894 1.142 -0.580 1.524 0.837 -1.293 0.202 0.952 -0.229
LookAt 0.925 1.131 -0.581 1.500 0.875 -1.358 0.152 0.967 -0.205
LookAt 0.952 1.120 -0.582 1.466 0.912 -1.414 0.109 0.978 -0.177
LookAt 0.974 1.109 -0.583 1.425 0.946 -1.460 0.075 0.987 -0.145
LookAt 0.991 1.099 -0.583 1.377 0.977 -1.497 0.048 0.992 -0.113
LookAt 1.002 1.091 -0.583 1.327 1.004 -1.525 0.028 0.996 -0.082
LookAt 1.009 1.082 -0.583 1.275 1.027 -1.546 0.015 0.998 -0.053
LookAt 1.012 1.075 -0.583 1.223 1.046 -1.560 0.006 1.000 -0.028
LookAt 1.007 1.068 -0.582 1.166 1.062 -1.569 0.001 1.000 -0.006
LookAt 0.993 1.061 -0.577 1.097 1.075 -1.571 -0.001 1.000 0.014
LookAt 0.969 1.054 -0.568 1.017 1.086 -1.566 -0.002 0.999 0.032
LookAt 0.935 1.047 -0.556 0.927 1.094 -1.555 0.000 0.999 0.047
LookAt 0.892 1.039 -0.541 0.826 1.099 -1.537 0.004 0.998 0.060
LookAt 0.839 1.031 -0.522 0.716 1.103 -1.512 0.009 0.997 0.071
LookAt 0.777 1.024 -0.502 0.597 1.104 -1.482 0.014 0.997 0.079
LookAt 0.707 1.017 -0.479 0.473 1.103 -1.447 0.020 0.996 0.084
LookAt 0.631 1.010 -0.454 0.344 1.102 -1.408 0.026 0.996 0.088
LookAt 0.550 1.003 -0.429 0.214 1.099 -1.366 0.033 0.995 0.091
LookAt 0.466 0.997 -0.404 0.083 1.096 -1.322 0.038 0.995 0.092
LookAt 0.380 0.991 -0.379 -0.044 1.094 -1.279 0.044 0.995 0.093
LookAt 0.295 0.986 -0.356 -0.168 1.093 -1.236 0.050 0.994 0.094
LookAt 0.212 0.982 -0.335 -0.284 1.092 -1.196 0.055 0.994 0.096
LookAt 0.133 0.978 -0.317 -0.393 1.094 -1.160 0.061 0.993 0.098
LookAt 0.059 0.975 -0.302 -0.493 1.097 -1.127 0.068 0.992 0.102
LookAt -0.010 0.973 -0.290 -0.583 1.103 -1.099 0.075 0.991 0.106
LookAt -0.073 0.971 -0.281 -0.663 1.111 -1.077 0.083 0.990 0.112
LookAt -0.128 0.970 -0.276 -0.732 1.121 -1.059 0.092 0.989 0.120
LookAt -0.177 0.970 -0.274 -0.792 1.134 -1.046 0.102 0.986 0.128
LookAt -0.222 0.973 -0.277 -0.845 1.152 -1.038 0.113 0.984 0.138
LookAt -0.266 0.982 -0.284 -0.896 1.177 -1.035 0.126 0.981 0.150
LookAt -0.308 0.996 -0.295 -0.945 1.211 -1.036 0.140 0.977 0.163
LookAt -0.349 1.016 -0.312 -0.991 1.251 -1.042 0.155 0.972 0.177
LookAt -0.389 1.041 -0.333 -1.034 1.299 -1.052 0.172 0.966 0.192
LookAt -0.427 1.072 -0.359 -1.074 1.353 -1.067 0.190 0.960 0.208
LookAt -0.463 1.107 -0.389 -1.111 1.412 -1.087 0.208 0.952 0.224
LookAt -0.497 1.145 -0.422 -1.144 1.476 -1.109 0.226 0.944 0.241
LookAt -0.530 1.186 -0.458 -1.175 1.541 -1.135 0.245 0.935 0.257
LookAt -0.561 1.228 -0.496 -1.202 1.607 -1.163 0.263 0.925 0.274
LookAt -0.590 1.270 -0.536 -1.227 1.672 -1.193 0.280 0.915 0.289
LookAt -0.618 1.311 -0.575 -1.250 1.735 -1.224 0.296 0.906 0.303
LookAt -0.644 1.349 -0.614 -1.271 1.792 -1.255 0.310 0.896 0.317
LookAt -0.669 1.384 -0.651 -1.291 1.844 -1.285 0.323 0.888 0.328
LookAt -0.693 1.415 -0.686 -1.311 1.889 -1.314 0.333 0.880 0.338
LookAt -0.717 1.440 -0.718 -1.330 1.926 -1.341 0.342 0.874 0.346
LookAt -0.739 1.460 -0.747 -1.349 1.955 -1.366 0.348 0.869 0.353
LookAt -0.762 1.474 -0.773 -1.369 1.976 -1.388 0.353 0.865 0.357
LookAt -0.783 1.483 -0.794 -1.390 1.989 -1.408 0.355 0.863 0.360
LookAt -0.805 1.486 -0.812 -1.411 1.993 -1.425 0.356 0.862 0.361
LookAt -0.826 1.484 -0.827 -1.433 1.987 -1.442 0.353 0.864 0.358
LookAt -0.845 1.480 -0.840 -1.458 1.971 -1.460 0.345 0.871 0.349
LookAt -0.863 1.473 -0.852 -1.483 1.943 -1.480 0.330 0.883 0.334
LookAt -0.879 1.463 -0.862 -1.510 1.903 -1.501 0.309 0.898 0.313
LookAt -0.893 1.449 -0.870 -1.536 1.852 -1.522 0.283 0.915 0.286
LookAt -0.906 1.433 -0.876 -1.562 1.789 -1.542 0.250 0.934 0.253
LookAt -0.918 1.414 -0.881 -1.587 1.715 -1.560 0.212 0.953 0.215
LookAt -0.928 1.391 -0.885 -1.608 1.633 -1.577 0.169 0.970 0.172
LookAt -0.937 1.367 -0.888 -1.626 1.542 -1.590 0.123 0.984 0.125
LookAt -0.945 1.341 -0.889 -1.641 1.447 -1.600 0.075 0.994 0.076
LookAt -0.953 1.313 -0.891 -1.651 1.351 -1.606 0.026 0.999 0.027
LookAt -0.960 1.284 -0.893 -1.657 1.254 -1.609 -0.020 1.000 -0.021
LookAt -0.968 1.254 -0.894 -1.661 1.162 -1.609 -0.064 0.996 -0.066
LookAt -0.976 1.225 -0.897 -1.662 1.076 -1.609 -0.104 0.989 -0.107
LookAt -0.984 1.196 -0.900 -1.663 0.998 -1.608 -0.137 0.980 -0.143
LookAt -0.994 1.168 -0.905 -1.664 0.929 -1.608 -0.165 0.971 -0.173
LookAt -1.004 1.141 -0.911 -1.666 0.870 -1.609 -0.187 0.962 -0.197
LookAt -1.016 1.116 -0.918 -1.670 0.822 -1.614 -0.201 0.956 -0.214
LookAt -1.028 1.092 -0.926 -1.677 0.784 -1.622 -0.210 0.952 -0.225
LookAt -1.042 1.070 -0.936 -1.687 0.758 -1.634 -0.212 0.950 -0.229
LookAt -1.057 1.047 -0.948 -1.695 0.738 -1.652 -0.207 0.951 -0.229
LookAt -1.072 1.023 -0.959 -1.696 0.724 -1.681 -0.196 0.954 -0.226
LookAt -1.088 0.997 -0.972 -1.688 0.714 -1.720 -0.177 0.959 -0.221
LookAt -1.105 0.969 -0.985 -1.671 0.709 -1.768 -0.152 0.966 -0.211
LookAt -1.123 0.939 -1.000 -1.641 0.709 -1.823 -0.123 0.973 -0.195
LookAt -1.141 0.909 -1.014 -1.599 0.713 -1.882 -0.091 0.981 -0.173
LookAt -1.160 0.878 -1.030 -1.542 0.723 -1.941 -0.060 0.988 -0.143
LookAt -1.179 0.846 -1.046 -1.472 0.736 -1.996 -0.032 0.994 -0.105
LookAt -1.198 0.815 -1.063 -1.389 0.753 -2.043 -0.012 0.998 -0.061
LookAt -1.218 0.785 -1.080 -1.296 0.773 -2.077 -0.001 1.000 -0.012
LookAt -1.237 0.757 -1.097 -1.199 0.794 -2.096 -0.001 0.999 0.037
LookAt -1.255 0.730 -1.114 -1.102 0.816 -2.099 -0.013 0.996 0.085
LookAt -1.274 0.706 -1.132 -1.008 0.837 -2.087 -0.035 0.991 0.126
LookAt -1.291 0.685 -1.149 -0.923 0.856 -2.062 -0.064 0.985 0.159
LookAt -1.308 0.667 -1.165 -0.848 0.874 -2.029 -0.097 0.978 0.182
LookAt -1.324 0.652 -1.182 -0.785 0.888 -1.990 -0.131 0.972 0.196
LookAt -1.338 0.641 -1.197 -0.733 0.900 -1.949 -0.162 0.966 0.202
LookAt -1.352 0.633 -1.212 -0.691 0.909 -1.910 -0.189 0.961 0.200
LookAt -1.365 0.628 -1.227 -0.658 0.914 -1.874 -0.210 0.958 0.193
LookAt -1.377 0.627 -1.241 -0.633 0.915 -1.844 -0.224 0.958 0.181
LookAt -1.389 0.629 -1.255 -0.612 0.916 -1.816 -0.233 0.958 0.168
LookAt -1.400 0.635 -1.270 -0.594 0.918 -1.790 -0.238 0.959 0.153
LookAt -1.411 0.646 -1.286 -0.577 0.922 -1.764 -0.240 0.961 0.137
LookAt -1.422 0.660 -1.303 -0.562 0.927 -1.739 -0.238 0.964 0.121
LookAt -1.432 0.678 -1.320 -0.550 0.933 -1.715 -0.232 0.967 0.104
LookAt -1.442 0.700 -1.337 -0.539 0.940 -1.693 -0.223 0.971 0.088
LookAt -1.452 0.726 -1.354 -0.530 0.949 -1.673 -0.211 0.975 0.073
LookAt -1.460 0.753 -1.372 -0.523 0.958 -1.655 -0.196 0.979 0.059
LookAt -1.468 0.783 -1.389 -0.518 0.967 -1.639 -0.179 0.983 0.047
LookAt -1.476 0.813 -1.405 -0.514 0.977 -1.625 -0.160 0.986 0.037
LookAt -1.482 0.843 -1.420 -0.512 0.987 -1.614 -0.141 0.990 0.028
LookAt -1.488 0.873 -1.434 -0.510 0.996 -1.605 -0.122 0.992 0.021
LookAt -1.492 0.901 -1.447 -0.509 1.005 -1.598 -0.103 0.995 0.016
LookAt -1.496 0.926 -1.458 -0.509 1.013 -1.592 -0.087 0.996 0.012
LookAt -1.500 0.948 -1.467 -0.510 1.020 -1.589 -0.072 0.997 0.009
LookAt -1.502 0.966 -1.475 -0.510 1.026 -1.586 -0.059 0.998 0.007
LookAt -1.504 0.981 -1.481 -0.510 1.031 -1.584 -0.050 0.999 0.005
LookAt -1.505 0.991 -1.485 -0.511 1.034 -1.584 -0.043 0.999 0.004
LookAt -1.506 0.997 -1.487 -0.511 1.036 -1.583 -0.038 0.999 0.004
LookAt -1.506 0.999 -1.488 -0.511 1.036 -1.583 -0.037 0.999 0.004
LookAt -1.493 0.998 -1.469 -0.500 1.036 -1.581 -0.037 0.999 0.004
LookAt -1.451 0.996 -1.411 -0.465 1.035 -1.577 -0.039 0.999 0.007
LookAt -1.379 0.992 -1.317 -0.414 1.034 -1.574 -0.041 0.999 0.011
LookAt -1.280 0.986 -1.194 -0.356 1.033 -1.573 -0.044 0.999 0.018
LookAt -1.157 0.980 -1.055 -0.305 1.033 -1.576 -0.045 0.999 0.027
LookAt -1.019 0.974 -0.916 -0.273 1.032 -1.580 -0.044 0.998 0.039
LookAt -0.875 0.969 -0.793 -0.265 1.033 -1.583 -0.039 0.998 0.051
LookAt -0.734 0.965 -0.699 -0.277 1.035 -1.586 -0.032 0.998 0.062
LookAt -0.603 0.962 -0.641 -0.301 1.038 -1.592 -0.023 0.997 0.072
LookAt -0.486 0.961 -0.622 -0.330 1.041 -1.607 -0.013 0.997 0.079
LookAt -0.365 0.962 -0.623 -0.360 1.047 -1.620 -0.000 0.996 0.085
LookAt -0.223 0.964 -0.627 -0.390 1.055 -1.609 0.015 0.996 0.089
LookAt -0.065 0.968 -0.634 -0.415 1.064 -1.566 0.034 0.995 0.090
LookAt 0.102 0.974 -0.645 -0.425 1.076 -1.489 0.054 0.995 0.087
LookAt 0.266 0.980 -0.660 -0.415 1.088 -1.384 0.074 0.994 0.079
LookAt 0.414 0.986 -0.678 -0.386 1.100 -1.267 0.091 0.994 0.067
LookAt 0.537 0.993 -0.699 -0.344 1.110 -1.157 0.104 0.993 0.054
LookAt 0.625 0.998 -0.722 -0.304 1.119 -1.071 0.113 0.993 0.042
LookAt 0.678 1.002 -0.746 -0.277 1.125 -1.015 0.118 0.992 0.033
LookAt 0.695 1.005 -0.772 -0.272 1.128 -0.994 0.120 0.992 0.028
LookAt 0.695 1.007 -0.799 -0.279 1.130 -0.992 0.121 0.992 0.024
LookAt 0.695 1.008 -0.831 -0.284 1.132 -0.996 0.122 0.992 0.021
LookAt 0.695 1.010 -0.867 -0.288 1.133 -1.006 0.122 0.992 0.017
LookAt 0.695 1.011 -0.908 -0.291 1.134 -1.022 0.122 0.992 0.014
LookAt 0.694 1.012 -0.952 -0.294 1.135 -1.043 0.122 0.992 0.011
LookAt 0.694 1.012 -0.999 -0.296 1.135 -1.070 0.122 0.992 0.009
LookAt 0.694 1.013 -1.049 -0.298 1.135 -1.102 0.122 0.992 0.007
LookAt 0.693 1.013 -1.100 -0.299 1.135 -1.137 0.122 0.993 0.005
LookAt 0.692 1.013 -1.151 -0.301 1.134 -1.176 0.121 0.993 0.003
LookAt 0.690 1.013 -1.203 -0.302 1.133 -1.216 0.120 0.993 0.002
LookAt 0.689 1.013 -1.252 -0.304 1.132 -1.257 0.119 0.993 0.001
LookAt 0.687 1.013 -1.298 -0.306 1.131 -1.296 0.118 0.993 -0.000
LookAt 0.685 1.013 -1.341 -0.309 1.129 -1.334 0.116 0.993 -0.001
LookAt 0.682 1.013 -1.379 -0.311 1.128 -1.368 0.114 0.993 -0.001
LookAt 0.679 1.014 -1.411 -0.315 1.126 -1.398 0.112 0.994 -0.002
LookAt 0.676 1.015 -1.438 -0.318 1.125 -1.423 0.110 0.994 -0.002
LookAt 0.672 1.016 -1.459 -0.322 1.123 -1.443 0.107 0.994 -0.002
LookAt 0.668 1.017 -1.474 -0.326 1.122 -1.457 0.105 0.995 -0.002
LookAt 0.664 1.019 -1.482 -0.331 1.121 -1.466 0.102 0.995 -0.002
LookAt 0.659 1.021 -1.485 -0.336 1.120 -1.469 0.099 0.995 -0.002
LookAt 0.653 1.029 -1.484 -0.343 1.123 -1.467 0.094 0.996 -0.002
LookAt 0.642 1.049 -1.481 -0.355 1.134 -1.464 0.086 0.996 -0.001
LookAt 0.626 1.080 -1.474 -0.371 1.154 -1.458 0.074 0.997 -0.001
LookAt 0.606 1.124 -1.466 -0.392 1.182 -1.450 0.059 0.998 -0.001
LookAt 0.582 1.178 -1.454 -0.417 1.218 -1.439 0.040 0.999 -0.001
LookAt 0.555 1.243 -1.441 -0.445 1.262 -1.426 0.019 1.000 -0.000
LookAt 0.524 1.317 -1.424 -0.476 1.312 -1.412 -0.005 1.000 0.000
LookAt 0.490 1.397 -1.406 -0.510 1.367 -1.395 -0.031 1.000 0.000
LookAt 0.454 1.483 -1.386 -0.545 1.425 -1.378 -0.058 0.998 0.000
LookAt 0.417 1.571 -1.364 -0.580 1.486 -1.359 -0.085 0.996 0.000
LookAt 0.379 1.660 -1.341 -0.614 1.547 -1.340 -0.113 0.994 0.000
LookAt 0.343 1.745 -1.317 -0.647 1.606 -1.322 -0.139 0.990 -0.001
LookAt 0.308 1.825 -1.293 -0.678 1.662 -1.304 -0.163 0.987 -0.002
LookAt 0.276 1.898 -1.270 -0.707 1.712 -1.287 -0.185 0.983 -0.003
LookAt 0.247 1.961 -1.247 -0.732 1.757 -1.271 -0.204 0.979 -0.005
LookAt 0.221 2.014 -1.225 -0.754 1.794 -1.257 -0.220 0.975 -0.007
LookAt 0.200 2.056 -1.204 -0.772 1.823 -1.244 -0.233 0.973 -0.010
LookAt 0.182 2.086 -1.184 -0.787 1.845 -1.234 -0.241 0.970 -0.012
LookAt 0.169 2.104 -1.166 -0.798 1.857 -1.226 -0.246 0.969 -0.015
LookAt 0.160 2.110 -1.149 -0.806 1.861 -1.220 -0.248 0.969 -0.018
LookAt 0.154 2.107 -1.133 -0.812 1.859 -1.215 -0.247 0.969 -0.021
LookAt 0.147 2.098 -1.115 -0.818 1.853 -1.211 -0.244 0.969 -0.024
LookAt 0.141 2.083 -1.097 -0.823 1.842 -1.208 -0.239 0.971 -0.027
LookAt 0.135 2.061 -1.079 -0.829 1.826 -1.206 -0.233 0.972 -0.031
LookAt 0.129 2.034 -1.060 -0.834 1.807 -1.204 -0.225 0.974 -0.034
LookAt 0.124 2.001 -1.040 -0.838 1.783 -1.204 -0.215 0.976 -0.037
LookAt 0.119 1.961 -1.019 -0.842 1.754 -1.204 -0.203 0.978 -0.039
LookAt 0.114 1.917 -0.998 -0.845 1.722 -1.206 -0.190 0.981 -0.041
LookAt 0.109 1.867 -0.977 -0.847 1.687 -1.208 -0.175 0.984 -0.042
LookAt 0.105 1.813 -0.956 -0.847 1.648 -1.211 -0.159 0.986 -0.043
LookAt 0.102 1.754 -0.934 -0.847 1.606 -1.214 -0.142 0.989 -0.042
LookAt 0.098 1.692 -0.913 -0.845 1.562 -1.218 -0.124 0.991 -0.040
LookAt 0.095 1.628 -0.892 -0.842 1.516 -1.222 -0.106 0.994 -0.037
LookAt 0.093 1.562 -0.871 -0.837 1.468 -1.227 -0.087 0.996 -0.033
LookAt 0.090 1.495 -0.851 -0.832 1.421 -1.231 -0.068 0.997 -0.028
LookAt 0.088 1.427 -0.832 -0.825 1.373 -1.236 -0.050 0.998 -0.022
LookAt 0.086 1.361 -0.813 -0.817 1.326 -1.240 -0.032 0.999 -0.015
LookAt 0.085 1.297 -0.796 -0.809 1.280 -1.244 -0.015 1.000 -0.008
LookAt 0.084 1.235 -0.780 -0.800 1.236 -1.248 0.001 1.000 0.000
LookAt 0.083 1.177 -0.765 -0.791 1.194 -1.251 0.015 1.000 0.008
LookAt 0.082 1.122 -0.751 -0.782 1.155 -1.254 0.029 0.999 0.017
LookAt 0.081 1.072 -0.739 -0.773 1.120 -1.257 0.041 0.999 0.025
LookAt 0.081 1.028 -0.728 -0.765 1.088 -1.259 0.051 0.998 0.032
LookAt 0.081 0.989 -0.719 -0.757 1.060 -1.260 0.060 0.997 0.039
LookAt 0.080 0.955 -0.711 -0.750 1.036 -1.262 0.068 0.997 0.045
LookAt 0.080 0.928 -0.705 -0.745 1.017 -1.263 0.074 0.996 0.050
LookAt 0.080 0.907 -0.700 -0.741 1.002 -1.264 0.078 0.995 0.054
LookAt 0.080 0.891 -0.697 -0.737 0.991 -1.264 0.082 0.995 0.057
LookAt 0.080 0.882 -0.695 -0.735 0.984 -1.264 0.084 0.995 0.058
LookAt 0.080 0.879 -0.694 -0.735 0.982 -1.264 0.084 0.995 0.059
